CRS_DEP_TIME,CARRIER,DEP_TIME,DEST,DISTANCE,FL_DATE,FL_NUM,ORIGIN,Weather,DAY_WEEK,DAY_OF_MONTH,TAIL_NUM,Flight Status
1455,OH,1455,JFK,184,01-01-2004,5935,BWI,0,4,1,N940CA,ontime
1640,DH,1640,JFK,213,01-01-2004,6155,DCA,0,4,1,N405FJ,ontime
1245,DH,1245,LGA,229,01-01-2004,7208,IAD,0,4,1,N695BR,ontime
1715,DH,1709,LGA,229,01-01-2004,7215,IAD,0,4,1,N662BR,ontime
1039,DH,1035,LGA,229,01-01-2004,7792,IAD,0,4,1,N698BR,ontime
840,DH,839,JFK,228,01-01-2004,7800,IAD,0,4,1,N687BR,ontime
1240,DH,1243,JFK,228,01-01-2004,7806,IAD,0,4,1,N321UE,ontime
1645,DH,1644,JFK,228,01-01-2004,7810,IAD,0,4,1,N301UE,ontime
1715,DH,1710,JFK,228,01-01-2004,7812,IAD,0,4,1,N328UE,ontime
2120,DH,2129,JFK,228,01-01-2004,7814,IAD,0,4,1,N685BR,ontime
2120,DH,2114,LGA,229,01-01-2004,7924,IAD,0,4,1,N645BR,ontime
1455,DL,1458,JFK,213,01-01-2004,746,DCA,0,4,1,N918DE,ontime
930,DL,932,LGA,214,01-01-2004,1746,DCA,0,4,1,N242DL,ontime
1230,DL,1228,LGA,214,01-01-2004,1752,DCA,0,4,1,N241DL,ontime
1430,DL,1429,LGA,214,01-01-2004,1756,DCA,0,4,1,N242DL,ontime
1730,DL,1728,LGA,214,01-01-2004,1762,DCA,0,4,1,N241DL,ontime
2030,DL,2029,LGA,214,01-01-2004,1768,DCA,0,4,1,N242DL,ontime
1530,MQ,1525,JFK,213,01-01-2004,4752,DCA,0,4,1,N709MQ,ontime
600,MQ,556,JFK,213,01-01-2004,4760,DCA,0,4,1,N717MQ,ontime
1830,MQ,1822,JFK,213,01-01-2004,4784,DCA,0,4,1,N707MQ,ontime
900,MQ,853,LGA,214,01-01-2004,4956,DCA,0,4,1,N737MQ,ontime
1300,MQ,1254,LGA,214,01-01-2004,4964,DCA,0,4,1,N717MQ,ontime
1400,MQ,1356,LGA,214,01-01-2004,4966,DCA,0,4,1,N726MQ,ontime
1500,MQ,1452,LGA,214,01-01-2004,4968,DCA,0,4,1,N724MQ,ontime
1900,MQ,1853,LGA,214,01-01-2004,4976,DCA,0,4,1,N724MQ,ontime
850,UA,841,LGA,229,01-01-2004,846,IAD,0,4,1,N513UA,ontime
900,US,858,LGA,214,01-01-2004,2164,DCA,0,4,1,N709UW,ontime
1100,US,1056,LGA,214,01-01-2004,2168,DCA,0,4,1,N748UW,ontime
1300,US,1253,LGA,214,01-01-2004,2172,DCA,0,4,1,N709UW,ontime
1500,US,1458,LGA,214,01-01-2004,2176,DCA,0,4,1,N748UW,ontime
1700,US,1655,LGA,214,01-01-2004,2180,DCA,0,4,1,N709UW,ontime
2100,US,2055,LGA,214,01-01-2004,2188,DCA,0,4,1,N709UW,ontime
1455,RU,1452,EWR,169,01-01-2004,2403,BWI,0,4,1,N14916,ontime
1720,RU,1710,EWR,169,01-01-2004,2675,BWI,0,4,1,N16954,ontime
1030,RU,1030,EWR,169,01-01-2004,2303,BWI,0,4,1,N26549,ontime
700,RU,656,EWR,169,01-01-2004,2703,BWI,0,4,1,N16954,ontime
1300,CO,1256,EWR,199,01-01-2004,808,DCA,0,4,1,N18611,ontime
1730,CO,1726,EWR,199,01-01-2004,814,DCA,0,4,1,N19357,ontime
840,DH,840,EWR,213,01-01-2004,7299,IAD,0,4,1,N691BR,ontime
1710,DH,1704,EWR,213,01-01-2004,7302,IAD,0,4,1,N691BR,ontime
1245,DH,1245,EWR,213,01-01-2004,7303,IAD,0,4,1,N697BR,ontime
2120,DH,2118,EWR,213,01-01-2004,7304,IAD,0,4,1,N699BR,ontime
1700,RU,1651,EWR,213,01-01-2004,2497,IAD,0,4,1,N12540,ontime
1900,RU,1850,EWR,213,01-01-2004,2385,IAD,0,4,1,N16149,ontime
1525,RU,1521,EWR,199,01-01-2004,2261,DCA,0,4,1,N12564,ontime
1900,RU,1855,EWR,199,01-01-2004,2336,DCA,0,4,1,N21537,ontime
1400,RU,1357,EWR,199,01-01-2004,2216,DCA,0,4,1,N15983,ontime
1515,RU,1508,EWR,213,01-01-2004,2156,IAD,0,4,1,N16149,ontime
1300,RU,1255,EWR,213,01-01-2004,2664,IAD,0,4,1,N12519,ontime
1630,RU,1625,EWR,199,01-01-2004,2181,DCA,0,4,1,N19966,ontime
1455,OH,1455,JFK,184,02-01-2004,5935,BWI,0,5,2,N995CA,ontime
1640,DH,1641,JFK,213,02-01-2004,6155,DCA,0,5,2,N415FJ,ontime
1245,DH,1249,LGA,229,02-01-2004,7208,IAD,0,5,2,N688BR,ontime
1455,DH,1531,LGA,229,02-01-2004,7211,IAD,0,5,2,N665BR,delayed
1715,DH,1712,LGA,229,02-01-2004,7215,IAD,0,5,2,N639BR,ontime
640,DH,645,LGA,229,02-01-2004,7790,IAD,0,5,2,N686BR,ontime
1039,DH,1236,LGA,229,02-01-2004,7792,IAD,0,5,2,N665BR,delayed
840,DH,859,JFK,228,02-01-2004,7800,IAD,0,5,2,N645BR,ontime
1240,DH,1232,JFK,228,02-01-2004,7806,IAD,0,5,2,N332UE,ontime
1455,DH,1455,JFK,228,02-01-2004,7808,IAD,0,5,2,N324UE,ontime
1645,DH,1645,JFK,228,02-01-2004,7810,IAD,0,5,2,N305UE,ontime
1715,DH,1716,JFK,228,02-01-2004,7812,IAD,0,5,2,N322UE,ontime
2120,DH,2305,JFK,228,02-01-2004,7814,IAD,0,5,2,N657BR,delayed
1610,DH,1605,JFK,228,02-01-2004,7816,IAD,0,5,2,N315UE,ontime
2120,DH,2118,LGA,229,02-01-2004,7924,IAD,0,5,2,N709BR,ontime
1455,DL,1458,JFK,213,02-01-2004,746,DCA,0,5,2,N964DL,ontime
930,DL,930,LGA,214,02-01-2004,1746,DCA,0,5,2,N241DL,ontime
1230,DL,1230,LGA,214,02-01-2004,1752,DCA,0,5,2,N225DL,ontime
1430,DL,1427,LGA,214,02-01-2004,1756,DCA,0,5,2,N241DL,ontime
1730,DL,1730,LGA,214,02-01-2004,1762,DCA,0,5,2,N225DL,ontime
2030,DL,2028,LGA,214,02-01-2004,1768,DCA,0,5,2,N241DL,ontime
1530,MQ,1522,JFK,213,02-01-2004,4752,DCA,0,5,2,N720MQ,ontime
600,MQ,552,JFK,213,02-01-2004,4760,DCA,0,5,2,N736MQ,ontime
1830,MQ,1847,JFK,213,02-01-2004,4784,DCA,0,5,2,N727MQ,ontime
900,MQ,852,LGA,214,02-01-2004,4956,DCA,0,5,2,N713MQ,ontime
1100,MQ,1053,LGA,214,02-01-2004,4960,DCA,0,5,2,N708MQ,ontime
1300,MQ,1258,LGA,214,02-01-2004,4964,DCA,0,5,2,N713MQ,ontime
1400,MQ,1402,LGA,214,02-01-2004,4966,DCA,0,5,2,N718MQ,ontime
1500,MQ,1456,LGA,214,02-01-2004,4968,DCA,0,5,2,N708MQ,ontime
850,UA,850,LGA,229,02-01-2004,846,IAD,0,5,2,N556UA,ontime
700,US,657,LGA,214,02-01-2004,2160,DCA,0,5,2,N710UW,ontime
900,US,857,LGA,214,02-01-2004,2164,DCA,0,5,2,N736UW,ontime
1100,US,1058,LGA,214,02-01-2004,2168,DCA,0,5,2,N710UW,ontime
1300,US,1258,LGA,214,02-01-2004,2172,DCA,0,5,2,N736UW,ontime
1500,US,1458,LGA,214,02-01-2004,2176,DCA,0,5,2,N710UW,ontime
1700,US,1655,LGA,214,02-01-2004,2180,DCA,0,5,2,N736UW,ontime
1900,US,1855,LGA,214,02-01-2004,2184,DCA,0,5,2,N710UW,ontime
2100,US,2056,LGA,214,02-01-2004,2188,DCA,0,5,2,N736UW,ontime
1720,RU,1715,EWR,169,02-01-2004,2675,BWI,0,5,2,N19966,ontime
1030,RU,1030,EWR,169,02-01-2004,2303,BWI,0,5,2,N12540,ontime
700,RU,656,EWR,169,02-01-2004,2703,BWI,0,5,2,N16961,ontime
1455,RU,1456,EWR,169,02-01-2004,2403,BWI,0,5,2,N12946,ontime
1730,CO,1727,EWR,199,02-01-2004,814,DCA,0,5,2,N14342,ontime
1300,CO,1301,EWR,199,02-01-2004,808,DCA,0,5,2,N14664,ontime
759,CO,754,EWR,199,02-01-2004,806,DCA,0,5,2,N11641,ontime
840,DH,837,EWR,213,02-01-2004,7299,IAD,0,5,2,N679BR,ontime
1245,DH,1350,EWR,213,02-01-2004,7303,IAD,0,5,2,N686BR,delayed
1430,DH,1512,EWR,213,02-01-2004,7307,IAD,0,5,2,N309UE,delayed
630,DH,629,EWR,213,02-01-2004,7371,IAD,0,5,2,N312UE,ontime
1630,RU,1625,EWR,199,02-01-2004,2181,DCA,0,5,2,N14977,ontime
700,RU,655,EWR,213,02-01-2004,2855,IAD,0,5,2,N13990,ontime
900,RU,858,EWR,199,02-01-2004,2582,DCA,0,5,2,N14907,ontime
700,RU,657,EWR,199,02-01-2004,2761,DCA,0,5,2,N13997,ontime
1700,RU,1650,EWR,213,02-01-2004,2497,IAD,0,5,2,N12528,ontime
1900,RU,1856,EWR,213,02-01-2004,2385,IAD,0,5,2,N11107,ontime
1300,RU,1253,EWR,213,02-01-2004,2692,IAD,0,5,2,N14505,ontime
900,RU,854,EWR,213,02-01-2004,3276,IAD,0,5,2,N16151,ontime
1900,RU,1858,EWR,199,02-01-2004,2336,DCA,0,5,2,N15985,ontime
2100,RU,2050,EWR,199,02-01-2004,2879,DCA,0,5,2,N17108,ontime
1400,RU,1358,EWR,199,02-01-2004,2216,DCA,0,5,2,N13118,ontime
1515,RU,1510,EWR,213,02-01-2004,2156,IAD,0,5,2,N11107,delayed
1525,RU,1519,EWR,199,02-01-2004,2261,DCA,0,5,2,N15574,ontime
1245,DH,1243,LGA,229,03-01-2004,7208,IAD,0,6,3,N688BR,ontime
1715,DH,1738,LGA,229,03-01-2004,7215,IAD,0,6,3,N639BR,ontime
640,DH,640,LGA,229,03-01-2004,7790,IAD,0,6,3,N696BR,ontime
1039,DH,1030,LGA,229,03-01-2004,7792,IAD,0,6,3,N696BR,ontime
840,DH,855,JFK,228,03-01-2004,7800,IAD,0,6,3,N709BR,ontime
1240,DH,1237,JFK,228,03-01-2004,7806,IAD,0,6,3,N327UE,ontime
1455,DH,1455,JFK,228,03-01-2004,7808,IAD,0,6,3,N309UE,ontime
1645,DH,1654,JFK,228,03-01-2004,7810,IAD,0,6,3,N311UE,ontime
1715,DH,1741,JFK,228,03-01-2004,7812,IAD,0,6,3,N327UE,ontime
2120,DH,2213,JFK,228,03-01-2004,7814,IAD,0,6,3,N655BR,delayed
1610,DH,1604,JFK,228,03-01-2004,7816,IAD,0,6,3,N329UE,ontime
2120,DH,2138,LGA,229,03-01-2004,7924,IAD,0,6,3,N688BR,ontime
1455,DL,1505,JFK,213,03-01-2004,746,DCA,0,6,3,N997DL,delayed
830,DL,828,LGA,214,03-01-2004,1744,DCA,0,6,3,N225DL,ontime
1030,DL,1030,LGA,214,03-01-2004,1748,DCA,0,6,3,N242DL,ontime
1230,DL,1230,LGA,214,03-01-2004,1752,DCA,0,6,3,N225DL,ontime
1430,DL,1428,LGA,214,03-01-2004,1756,DCA,0,6,3,N242DL,ontime
1630,DL,1629,LGA,214,03-01-2004,1760,DCA,0,6,3,N225DL,ontime
1830,DL,1829,LGA,214,03-01-2004,1764,DCA,0,6,3,N242DL,ontime
2030,DL,2024,LGA,214,03-01-2004,1768,DCA,0,6,3,N225DL,ontime
1530,MQ,1600,JFK,213,03-01-2004,4752,DCA,0,6,3,N734MQ,delayed
600,MQ,555,JFK,213,03-01-2004,4760,DCA,0,6,3,N712MQ,ontime
1830,MQ,1829,JFK,213,03-01-2004,4784,DCA,0,6,3,N709MQ,ontime
900,MQ,855,LGA,214,03-01-2004,4956,DCA,0,6,3,N739MQ,ontime
1300,MQ,1254,LGA,214,03-01-2004,4964,DCA,0,6,3,N739MQ,ontime
850,UA,849,LGA,229,03-01-2004,846,IAD,0,6,3,N567UA,ontime
700,US,655,LGA,214,03-01-2004,2160,DCA,0,6,3,N760UW,ontime
900,US,858,LGA,214,03-01-2004,2164,DCA,0,6,3,N710UW,ontime
1100,US,1059,LGA,214,03-01-2004,2168,DCA,0,6,3,N760UW,ontime
1300,US,1256,LGA,214,03-01-2004,2172,DCA,0,6,3,N710UW,ontime
1500,US,1500,LGA,214,03-01-2004,2176,DCA,0,6,3,N760UW,ontime
1700,US,1658,LGA,214,03-01-2004,2180,DCA,0,6,3,N710UW,ontime
1900,US,1857,LGA,214,03-01-2004,2184,DCA,0,6,3,N760UW,ontime
1720,RU,1714,EWR,169,03-01-2004,2675,BWI,0,6,3,N15574,ontime
700,RU,655,EWR,169,03-01-2004,2703,BWI,0,6,3,N11536,ontime
1030,RU,1026,EWR,169,03-01-2004,2303,BWI,0,6,3,N14907,ontime
1455,RU,1448,EWR,169,03-01-2004,2267,BWI,0,6,3,N14974,ontime
1300,CO,1255,EWR,199,03-01-2004,808,DCA,0,6,3,N11612,ontime
840,DH,857,EWR,213,03-01-2004,7299,IAD,0,6,3,N693BR,delayed
1710,DH,1705,EWR,213,03-01-2004,7302,IAD,0,6,3,N693BR,ontime
1245,DH,1329,EWR,213,03-01-2004,7303,IAD,0,6,3,N672BR,delayed
2120,DH,2126,EWR,213,03-01-2004,7304,IAD,0,6,3,N643BR,ontime
630,DH,625,EWR,213,03-01-2004,7371,IAD,0,6,3,N333UE,ontime
1725,RU,1722,EWR,213,03-01-2004,2497,IAD,0,6,3,N17146,ontime
1400,RU,1356,EWR,199,03-01-2004,2216,DCA,0,6,3,N17513,ontime
700,RU,658,EWR,213,03-01-2004,2855,IAD,0,6,3,N14925,ontime
930,RU,941,EWR,199,03-01-2004,2582,DCA,0,6,3,N14977,ontime
1730,RU,1738,EWR,199,03-01-2004,2097,DCA,0,6,3,N14998,ontime
1600,RU,1556,EWR,199,03-01-2004,2181,DCA,0,6,3,N13955,ontime
1515,RU,1511,EWR,213,03-01-2004,2156,IAD,0,6,3,N12136,ontime
700,RU,703,EWR,199,03-01-2004,2761,DCA,0,6,3,N14907,ontime
1455,OH,1605,JFK,184,04-01-2004,5935,BWI,0,7,4,N973CA,delayed
1640,DH,1644,JFK,213,04-01-2004,6155,DCA,0,7,4,N424FJ,ontime
1245,DH,1249,LGA,229,04-01-2004,7208,IAD,0,7,4,N632BR,ontime
1455,DH,1535,LGA,229,04-01-2004,7211,IAD,0,7,4,N654BR,delayed
1715,DH,1837,LGA,229,04-01-2004,7215,IAD,0,7,4,N634BR,delayed
640,DH,640,LGA,229,04-01-2004,7790,IAD,0,7,4,N654BR,ontime
1039,DH,1032,LGA,229,04-01-2004,7792,IAD,0,7,4,N654BR,ontime
840,DH,900,JFK,228,04-01-2004,7800,IAD,0,7,4,N673BR,ontime
1240,DH,1243,JFK,228,04-01-2004,7806,IAD,0,7,4,N330UE,ontime
1455,DH,1504,JFK,228,04-01-2004,7808,IAD,0,7,4,N314UE,ontime
1645,DH,1642,JFK,228,04-01-2004,7810,IAD,0,7,4,N313UE,ontime
1715,DH,1709,JFK,228,04-01-2004,7812,IAD,0,7,4,N312UE,ontime
2120,DH,2120,JFK,228,04-01-2004,7814,IAD,0,7,4,N626BR,ontime
1610,DH,1607,JFK,228,04-01-2004,7816,IAD,0,7,4,N327UE,ontime
2120,DH,2116,LGA,229,04-01-2004,7924,IAD,0,7,4,N674BR,ontime
1455,DL,1500,JFK,213,04-01-2004,746,DCA,0,7,4,N912DL,ontime
830,DL,828,LGA,214,04-01-2004,1744,DCA,0,7,4,N242DL,ontime
1030,DL,1028,LGA,214,04-01-2004,1748,DCA,0,7,4,N221DL,ontime
1230,DL,1230,LGA,214,04-01-2004,1752,DCA,0,7,4,N242DL,ontime
1430,DL,1432,LGA,214,04-01-2004,1756,DCA,0,7,4,N221DL,ontime
1630,DL,1629,LGA,214,04-01-2004,1760,DCA,0,7,4,N242DL,ontime
1830,DL,1832,LGA,214,04-01-2004,1764,DCA,0,7,4,N221DL,ontime
2030,DL,2030,LGA,214,04-01-2004,1768,DCA,0,7,4,N242DL,ontime
1530,MQ,1534,JFK,213,04-01-2004,4752,DCA,0,7,4,N712MQ,delayed
600,MQ,554,JFK,213,04-01-2004,4760,DCA,0,7,4,N737MQ,ontime
730,MQ,745,JFK,213,04-01-2004,4771,DCA,0,7,4,N719MQ,ontime
1830,MQ,1858,JFK,213,04-01-2004,4784,DCA,0,7,4,N727MQ,delayed
1300,MQ,1257,LGA,214,04-01-2004,4964,DCA,0,7,4,N737MQ,ontime
1500,MQ,1458,LGA,214,04-01-2004,4968,DCA,0,7,4,N727MQ,delayed
1700,MQ,1659,LGA,214,04-01-2004,4972,DCA,0,7,4,N708MQ,ontime
1900,MQ,1936,LGA,214,04-01-2004,4976,DCA,0,7,4,N719MQ,delayed
850,UA,849,LGA,229,04-01-2004,846,IAD,0,7,4,N559UA,ontime
900,US,858,LGA,214,04-01-2004,2164,DCA,0,7,4,N730UW,ontime
1000,US,954,LGA,214,04-01-2004,2166,DCA,0,7,4,N765UW,ontime
1100,US,1055,LGA,214,04-01-2004,2168,DCA,0,7,4,N746UW,ontime
1200,US,1158,LGA,214,04-01-2004,2170,DCA,0,7,4,N711UW,ontime
1300,US,1257,LGA,214,04-01-2004,2172,DCA,0,7,4,N730UW,ontime
1400,US,1359,LGA,214,04-01-2004,2174,DCA,0,7,4,N765UW,ontime
1500,US,1456,LGA,214,04-01-2004,2176,DCA,0,7,4,N746UW,ontime
1600,US,1559,LGA,214,04-01-2004,2178,DCA,0,7,4,N711UW,ontime
1700,US,1658,LGA,214,04-01-2004,2180,DCA,0,7,4,N730UW,ontime
1800,US,1758,LGA,214,04-01-2004,2182,DCA,0,7,4,N765UW,ontime
1900,US,1857,LGA,214,04-01-2004,2184,DCA,0,7,4,N746UW,ontime
2000,US,1957,LGA,214,04-01-2004,2186,DCA,0,7,4,N711UW,ontime
2100,US,2059,LGA,214,04-01-2004,2188,DCA,0,7,4,N730UW,ontime
1455,RU,1615,EWR,169,04-01-2004,2403,BWI,0,7,4,N14943,delayed
1315,RU,1416,EWR,169,04-01-2004,2703,BWI,0,7,4,N13949,delayed
1605,RU,2030,EWR,169,04-01-2004,2603,BWI,0,7,4,N14933,delayed
1030,RU,1235,EWR,169,04-01-2004,2303,BWI,0,7,4,N19966,delayed
1300,CO,1255,EWR,199,04-01-2004,808,DCA,0,7,4,N59630,ontime
1630,CO,1833,EWR,199,04-01-2004,810,DCA,0,7,4,N16649,delayed
840,DH,857,EWR,213,04-01-2004,7299,IAD,0,7,4,N640BR,ontime
1710,DH,1917,EWR,213,04-01-2004,7302,IAD,0,7,4,N697BR,delayed
1245,DH,1310,EWR,213,04-01-2004,7303,IAD,0,7,4,N638BR,delayed
2120,DH,2221,EWR,213,04-01-2004,7304,IAD,0,7,4,N697BR,delayed
1430,DH,1600,EWR,213,04-01-2004,7307,IAD,0,7,4,N328UE,delayed
1730,RU,1952,EWR,199,04-01-2004,2097,DCA,0,7,4,N12136,delayed
930,RU,927,EWR,199,04-01-2004,2582,DCA,0,7,4,N13992,ontime
900,RU,858,EWR,213,04-01-2004,3276,IAD,0,7,4,N15985,ontime
1900,RU,2110,EWR,213,04-01-2004,2385,IAD,0,7,4,N24128,delayed
1400,RU,1356,EWR,199,04-01-2004,2216,DCA,0,7,4,N16987,delayed
1900,RU,2120,EWR,199,04-01-2004,2336,DCA,0,7,4,N12569,delayed
1515,RU,1557,EWR,213,04-01-2004,2156,IAD,0,7,4,N18101,delayed
1455,OH,1610,JFK,184,05-01-2004,5935,BWI,0,1,5,N814CA,delayed
1640,DH,1638,JFK,213,05-01-2004,6155,DCA,0,1,5,N424FJ,delayed
1245,DH,1338,LGA,229,05-01-2004,7208,IAD,0,1,5,N674BR,delayed
1455,DH,1606,LGA,229,05-01-2004,7211,IAD,0,1,5,N643BR,delayed
1715,DH,1848,LGA,229,05-01-2004,7215,IAD,0,1,5,N649BR,delayed
640,DH,633,LGA,229,05-01-2004,7790,IAD,0,1,5,N643BR,delayed
1039,DH,1054,LGA,229,05-01-2004,7792,IAD,0,1,5,N643BR,ontime
840,DH,946,JFK,228,05-01-2004,7800,IAD,0,1,5,N651BR,delayed
1240,DH,1312,JFK,228,05-01-2004,7806,IAD,0,1,5,N305UE,delayed
1645,DH,1700,JFK,228,05-01-2004,7810,IAD,0,1,5,N331UE,ontime
1715,DH,1709,JFK,228,05-01-2004,7812,IAD,0,1,5,N332UE,ontime
2120,DH,2200,JFK,228,05-01-2004,7814,IAD,0,1,5,N683BR,delayed
1610,DH,1651,JFK,228,05-01-2004,7816,IAD,0,1,5,N303UE,delayed
2120,DH,2125,LGA,229,05-01-2004,7924,IAD,0,1,5,N699BR,ontime
1455,DL,1459,JFK,213,05-01-2004,746,DCA,0,1,5,N994DL,ontime
630,DL,630,LGA,214,05-01-2004,1740,DCA,0,1,5,N221DL,ontime
730,DL,734,LGA,214,05-01-2004,1742,DCA,0,1,5,N241DL,ontime
830,DL,830,LGA,214,05-01-2004,1744,DCA,0,1,5,N242DL,ontime
930,DL,932,LGA,214,05-01-2004,1746,DCA,0,1,5,N225DL,ontime
1030,DL,1031,LGA,214,05-01-2004,1748,DCA,0,1,5,N223DZ,ontime
1130,DL,1128,LGA,214,05-01-2004,1750,DCA,0,1,5,N241DL,ontime
1230,DL,1230,LGA,214,05-01-2004,1752,DCA,0,1,5,N242DL,ontime
1330,DL,1329,LGA,214,05-01-2004,1754,DCA,0,1,5,N225DL,ontime
1430,DL,1427,LGA,214,05-01-2004,1756,DCA,0,1,5,N223DZ,ontime
1630,DL,1635,LGA,214,05-01-2004,1760,DCA,0,1,5,N242DL,ontime
1730,DL,1730,LGA,214,05-01-2004,1762,DCA,0,1,5,N225DL,ontime
1830,DL,1829,LGA,214,05-01-2004,1764,DCA,0,1,5,N223DZ,ontime
1930,DL,1955,LGA,214,05-01-2004,1766,DCA,0,1,5,N241DL,delayed
2030,DL,2028,LGA,214,05-01-2004,1768,DCA,0,1,5,N242DL,ontime
1530,MQ,1538,JFK,213,05-01-2004,4752,DCA,0,1,5,N704MQ,ontime
600,MQ,557,JFK,213,05-01-2004,4760,DCA,0,1,5,N707MQ,ontime
700,MQ,656,LGA,214,05-01-2004,4952,DCA,0,1,5,N712MQ,ontime
800,MQ,758,LGA,214,05-01-2004,4954,DCA,0,1,5,N724MQ,ontime
900,MQ,859,LGA,214,05-01-2004,4956,DCA,0,1,5,N719MQ,ontime
1100,MQ,1103,LGA,214,05-01-2004,4960,DCA,0,1,5,N706MQ,ontime
1300,MQ,1250,LGA,214,05-01-2004,4964,DCA,0,1,5,N716MQ,ontime
1600,MQ,1627,LGA,214,05-01-2004,4970,DCA,0,1,5,N700MQ,delayed
1700,MQ,1702,LGA,214,05-01-2004,4972,DCA,0,1,5,N724MQ,ontime
1900,MQ,1949,LGA,214,05-01-2004,4976,DCA,0,1,5,N846MQ,delayed
850,UA,848,LGA,229,05-01-2004,846,IAD,0,1,5,N516UA,ontime
630,US,627,LGA,214,05-01-2004,1479,DCA,0,1,5,N765UW,delayed
700,US,657,LGA,214,05-01-2004,2160,DCA,0,1,5,N762UW,ontime
800,US,757,LGA,214,05-01-2004,2162,DCA,0,1,5,N750UW,ontime
900,US,900,LGA,214,05-01-2004,2164,DCA,0,1,5,N733UW,ontime
1000,US,958,LGA,214,05-01-2004,2166,DCA,0,1,5,N767UW,ontime
1100,US,1057,LGA,214,05-01-2004,2168,DCA,0,1,5,N762UW,ontime
1200,US,1155,LGA,214,05-01-2004,2170,DCA,0,1,5,N750UW,ontime
1300,US,1257,LGA,214,05-01-2004,2172,DCA,0,1,5,N733UW,ontime
1400,US,1358,LGA,214,05-01-2004,2174,DCA,0,1,5,N767UW,ontime
1500,US,1500,LGA,214,05-01-2004,2176,DCA,0,1,5,N762UW,ontime
1600,US,1601,LGA,214,05-01-2004,2178,DCA,0,1,5,N750UW,ontime
1700,US,1657,LGA,214,05-01-2004,2180,DCA,0,1,5,N733UW,ontime
1800,US,1757,LGA,214,05-01-2004,2182,DCA,0,1,5,N767UW,ontime
1900,US,1857,LGA,214,05-01-2004,2184,DCA,0,1,5,N762UW,ontime
2000,US,1959,LGA,214,05-01-2004,2186,DCA,0,1,5,N750UW,ontime
2100,US,2100,LGA,214,05-01-2004,2188,DCA,0,1,5,N733UW,ontime
700,RU,744,EWR,169,05-01-2004,2703,BWI,0,1,5,N14923,delayed
1455,RU,1527,EWR,169,05-01-2004,2403,BWI,0,1,5,N12946,delayed
1030,RU,1221,EWR,169,05-01-2004,2303,BWI,0,1,5,N16951,delayed
1300,CO,1324,EWR,199,05-01-2004,808,DCA,0,1,5,N14628,delayed
759,CO,757,EWR,199,05-01-2004,806,DCA,0,1,5,N14654,ontime
1730,CO,1846,EWR,199,05-01-2004,814,DCA,0,1,5,N14341,delayed
840,DH,844,EWR,213,05-01-2004,7299,IAD,0,1,5,N622BR,ontime
1710,DH,1920,EWR,213,05-01-2004,7302,IAD,0,1,5,N697BR,delayed
1245,DH,1357,EWR,213,05-01-2004,7303,IAD,0,1,5,N664BR,delayed
2120,DH,2312,EWR,213,05-01-2004,7304,IAD,0,1,5,N667BR,delayed
1430,DH,1536,EWR,213,05-01-2004,7307,IAD,0,1,5,N320UE,delayed
630,DH,624,EWR,213,05-01-2004,7371,IAD,0,1,5,N330UE,ontime
700,RU,700,EWR,199,05-01-2004,2761,DCA,0,1,5,N18556,ontime
900,RU,1056,EWR,199,05-01-2004,2582,DCA,0,1,5,N14952,delayed
1300,RU,1321,EWR,213,05-01-2004,2692,IAD,0,1,5,N16511,delayed
2100,RU,2105,EWR,199,05-01-2004,2879,DCA,0,1,5,N12126,ontime
700,RU,655,EWR,213,05-01-2004,2855,IAD,0,1,5,N14570,ontime
1400,RU,1454,EWR,199,05-01-2004,2216,DCA,0,1,5,N13979,delayed
1900,RU,2104,EWR,199,05-01-2004,2336,DCA,0,1,5,N14940,delayed
1515,RU,1602,EWR,213,05-01-2004,2156,IAD,0,1,5,N27152,delayed
900,RU,855,EWR,213,05-01-2004,3276,IAD,0,1,5,N14991,ontime
1525,RU,1617,EWR,199,05-01-2004,2261,DCA,0,1,5,N15948,delayed
1455,OH,1455,JFK,184,06-01-2004,5935,BWI,0,2,6,N805CA,ontime
1245,DH,1240,LGA,229,06-01-2004,7208,IAD,0,2,6,N307UE,ontime
1455,DH,1451,LGA,229,06-01-2004,7211,IAD,0,2,6,N676BR,ontime
1715,DH,1752,LGA,229,06-01-2004,7215,IAD,0,2,6,N662BR,ontime
640,DH,635,LGA,229,06-01-2004,7790,IAD,0,2,6,N676BR,ontime
1039,DH,1034,LGA,229,06-01-2004,7792,IAD,0,2,6,N676BR,ontime
840,DH,855,JFK,228,06-01-2004,7800,IAD,0,2,6,N674BR,ontime
1240,DH,1237,JFK,228,06-01-2004,7806,IAD,0,2,6,N316UE,ontime
1455,DH,1453,JFK,228,06-01-2004,7808,IAD,0,2,6,N315UE,ontime
1645,DH,1641,JFK,228,06-01-2004,7810,IAD,0,2,6,N308UE,ontime
1715,DH,1756,JFK,228,06-01-2004,7812,IAD,0,2,6,N333UE,delayed
2120,DH,2153,JFK,228,06-01-2004,7814,IAD,0,2,6,N694BR,delayed
1610,DH,1607,JFK,228,06-01-2004,7816,IAD,0,2,6,N332UE,ontime
2120,DH,2118,LGA,229,06-01-2004,7924,IAD,0,2,6,N674BR,ontime
1455,DL,1457,JFK,213,06-01-2004,746,DCA,0,2,6,N949DL,ontime
630,DL,629,LGA,214,06-01-2004,1740,DCA,0,2,6,N223DZ,ontime
730,DL,728,LGA,214,06-01-2004,1742,DCA,0,2,6,N225DL,ontime
830,DL,829,LGA,214,06-01-2004,1744,DCA,0,2,6,N242DL,ontime
930,DL,930,LGA,214,06-01-2004,1746,DCA,0,2,6,N241DL,ontime
1030,DL,1030,LGA,214,06-01-2004,1748,DCA,0,2,6,N223DZ,ontime
1130,DL,1130,LGA,214,06-01-2004,1750,DCA,0,2,6,N225DL,ontime
1230,DL,1230,LGA,214,06-01-2004,1752,DCA,0,2,6,N242DL,ontime
1330,DL,1327,LGA,214,06-01-2004,1754,DCA,0,2,6,N241DL,ontime
1430,DL,1428,LGA,214,06-01-2004,1756,DCA,0,2,6,N223DZ,ontime
1530,DL,1529,LGA,214,06-01-2004,1758,DCA,0,2,6,N225DL,ontime
1630,DL,1629,LGA,214,06-01-2004,1760,DCA,0,2,6,N242DL,ontime
1730,DL,1728,LGA,214,06-01-2004,1762,DCA,0,2,6,N241DL,ontime
1830,DL,1830,LGA,214,06-01-2004,1764,DCA,0,2,6,N223DZ,ontime
1930,DL,1929,LGA,214,06-01-2004,1766,DCA,0,2,6,N225DL,ontime
2030,DL,2031,LGA,214,06-01-2004,1768,DCA,0,2,6,N242DL,ontime
1530,MQ,1548,JFK,213,06-01-2004,4752,DCA,0,2,6,N838MQ,ontime
600,MQ,558,JFK,213,06-01-2004,4760,DCA,0,2,6,N739MQ,ontime
1830,MQ,1843,JFK,213,06-01-2004,4784,DCA,0,2,6,N704MQ,ontime
700,MQ,655,LGA,214,06-01-2004,4952,DCA,0,2,6,N707MQ,ontime
800,MQ,817,LGA,214,06-01-2004,4954,DCA,0,2,6,N614MQ,ontime
900,MQ,852,LGA,214,06-01-2004,4956,DCA,0,2,6,N724MQ,ontime
1100,MQ,1100,LGA,214,06-01-2004,4960,DCA,0,2,6,N707MQ,ontime
1300,MQ,1313,LGA,214,06-01-2004,4964,DCA,0,2,6,N614MQ,ontime
1400,MQ,1355,LGA,214,06-01-2004,4966,DCA,0,2,6,N846MQ,ontime
1500,MQ,1535,LGA,214,06-01-2004,4968,DCA,0,2,6,N704MQ,delayed
1600,MQ,1555,LGA,214,06-01-2004,4970,DCA,0,2,6,N710MQ,ontime
1700,MQ,1654,LGA,214,06-01-2004,4972,DCA,0,2,6,N734MQ,ontime
1900,MQ,1904,LGA,214,06-01-2004,4976,DCA,0,2,6,N715MQ,ontime
850,UA,850,LGA,229,06-01-2004,846,IAD,0,2,6,N501UA,ontime
630,US,629,LGA,214,06-01-2004,1479,DCA,0,2,6,N764UW,ontime
700,US,657,LGA,214,06-01-2004,2160,DCA,0,2,6,N721UW,ontime
800,US,758,LGA,214,06-01-2004,2162,DCA,0,2,6,N719UW,ontime
900,US,858,LGA,214,06-01-2004,2164,DCA,0,2,6,N733UW,ontime
1000,US,1000,LGA,214,06-01-2004,2166,DCA,0,2,6,N754UW,ontime
1100,US,1056,LGA,214,06-01-2004,2168,DCA,0,2,6,N721UW,ontime
1200,US,1158,LGA,214,06-01-2004,2170,DCA,0,2,6,N719UW,ontime
1300,US,1259,LGA,214,06-01-2004,2172,DCA,0,2,6,N733UW,ontime
1400,US,1357,LGA,214,06-01-2004,2174,DCA,0,2,6,N754UW,ontime
1500,US,1458,LGA,214,06-01-2004,2176,DCA,0,2,6,N721UW,ontime
1600,US,1557,LGA,214,06-01-2004,2178,DCA,0,2,6,N719UW,ontime
1700,US,1657,LGA,214,06-01-2004,2180,DCA,0,2,6,N733UW,ontime
1800,US,1758,LGA,214,06-01-2004,2182,DCA,0,2,6,N754UW,ontime
1900,US,1855,LGA,214,06-01-2004,2184,DCA,0,2,6,N721UW,ontime
2000,US,1958,LGA,214,06-01-2004,2186,DCA,0,2,6,N719UW,ontime
2100,US,2104,LGA,214,06-01-2004,2188,DCA,0,2,6,N733UW,ontime
1455,RU,1451,EWR,169,06-01-2004,2403,BWI,0,2,6,N29917,ontime
1720,RU,1729,EWR,169,06-01-2004,3372,BWI,0,2,6,N27962,delayed
700,RU,658,EWR,169,06-01-2004,2703,BWI,0,2,6,N13958,ontime
1030,RU,1037,EWR,169,06-01-2004,2303,BWI,0,2,6,N12924,ontime
1730,CO,1740,EWR,199,06-01-2004,814,DCA,0,2,6,N24224,delayed
1300,CO,1256,EWR,199,06-01-2004,808,DCA,0,2,6,N38257,ontime
1900,CO,1856,EWR,199,06-01-2004,816,DCA,0,2,6,N59630,delayed
735,CO,727,EWR,199,06-01-2004,806,DCA,0,2,6,N16648,ontime
840,DH,847,EWR,213,06-01-2004,7299,IAD,0,2,6,N307UE,ontime
1710,DH,1705,EWR,213,06-01-2004,7302,IAD,0,2,6,N674BR,ontime
1245,DH,1236,EWR,213,06-01-2004,7303,IAD,0,2,6,N645BR,ontime
2120,DH,2118,EWR,213,06-01-2004,7304,IAD,0,2,6,N652BR,ontime
1430,DH,1435,EWR,213,06-01-2004,7307,IAD,0,2,6,N324UE,ontime
630,DH,622,EWR,213,06-01-2004,7371,IAD,0,2,6,N329UE,ontime
2100,RU,2222,EWR,199,06-01-2004,2879,DCA,0,2,6,N14573,delayed
900,RU,859,EWR,199,06-01-2004,2582,DCA,0,2,6,N14947,ontime
1900,RU,1901,EWR,213,06-01-2004,2385,IAD,0,2,6,N16147,delayed
1500,RU,1457,EWR,213,06-01-2004,2156,IAD,0,2,6,N11137,ontime
700,RU,656,EWR,213,06-01-2004,2855,IAD,0,2,6,N17115,ontime
1525,RU,1644,EWR,199,06-01-2004,2261,DCA,0,2,6,N13958,delayed
1300,RU,1253,EWR,213,06-01-2004,2367,IAD,0,2,6,N16911,ontime
1359,RU,1356,EWR,199,06-01-2004,2216,DCA,0,2,6,N12924,ontime
1700,RU,1656,EWR,213,06-01-2004,2497,IAD,0,2,6,N19966,ontime
1630,RU,1627,EWR,199,06-01-2004,2181,DCA,0,2,6,N13969,ontime
645,RU,644,EWR,199,06-01-2004,2761,DCA,0,2,6,N13118,ontime
1455,OH,1455,JFK,184,07-01-2004,5935,BWI,0,3,7,N983CA,ontime
1640,DH,1639,JFK,213,07-01-2004,6155,DCA,0,3,7,N408FJ,ontime
1245,DH,1306,LGA,229,07-01-2004,7208,IAD,0,3,7,N665BR,ontime
1455,DH,1445,LGA,229,07-01-2004,7211,IAD,0,3,7,N639BR,ontime
1715,DH,1813,LGA,229,07-01-2004,7215,IAD,0,3,7,N684BR,delayed
640,DH,640,LGA,229,07-01-2004,7790,IAD,0,3,7,N634BR,ontime
1040,DH,1038,LGA,229,07-01-2004,7792,IAD,0,3,7,N328UE,ontime
840,DH,831,JFK,228,07-01-2004,7800,IAD,0,3,7,N694BR,ontime
1240,DH,1240,JFK,228,07-01-2004,7806,IAD,0,3,7,N309UE,ontime
1455,DH,1521,JFK,228,07-01-2004,7808,IAD,0,3,7,N330UE,ontime
1645,DH,1638,JFK,228,07-01-2004,7810,IAD,0,3,7,N320UE,ontime
1715,DH,1922,JFK,228,07-01-2004,7812,IAD,0,3,7,N332UE,delayed
2120,DH,2120,JFK,228,07-01-2004,7814,IAD,0,3,7,N695BR,ontime
1610,DH,1606,JFK,228,07-01-2004,7816,IAD,0,3,7,N305UE,ontime
1455,DL,1501,JFK,213,07-01-2004,746,DCA,0,3,7,N908DE,ontime
630,DL,631,LGA,214,07-01-2004,1740,DCA,0,3,7,N223DZ,ontime
830,DL,831,LGA,214,07-01-2004,1744,DCA,0,3,7,N242DL,ontime
930,DL,932,LGA,214,07-01-2004,1746,DCA,0,3,7,N225DL,ontime
1030,DL,1030,LGA,214,07-01-2004,1748,DCA,0,3,7,N223DZ,ontime
1130,DL,1131,LGA,214,07-01-2004,1750,DCA,0,3,7,N224DA,ontime
1230,DL,1231,LGA,214,07-01-2004,1752,DCA,0,3,7,N242DL,ontime
1330,DL,1329,LGA,214,07-01-2004,1754,DCA,0,3,7,N225DL,ontime
1430,DL,1430,LGA,214,07-01-2004,1756,DCA,0,3,7,N223DZ,ontime
1530,DL,1528,LGA,214,07-01-2004,1758,DCA,0,3,7,N224DA,ontime
1630,DL,1629,LGA,214,07-01-2004,1760,DCA,0,3,7,N242DL,ontime
1730,DL,1728,LGA,214,07-01-2004,1762,DCA,0,3,7,N225DL,ontime
1830,DL,1828,LGA,214,07-01-2004,1764,DCA,0,3,7,N223DZ,ontime
1930,DL,1927,LGA,214,07-01-2004,1766,DCA,0,3,7,N224DA,ontime
2030,DL,2030,LGA,214,07-01-2004,1768,DCA,0,3,7,N242DL,ontime
1530,MQ,1530,JFK,213,07-01-2004,4752,DCA,0,3,7,N736MQ,ontime
600,MQ,555,JFK,213,07-01-2004,4760,DCA,0,3,7,N705MQ,ontime
1830,MQ,1918,JFK,213,07-01-2004,4784,DCA,0,3,7,N846MQ,delayed
700,MQ,655,LGA,214,07-01-2004,4952,DCA,0,3,7,N722MQ,ontime
800,MQ,746,LGA,214,07-01-2004,4954,DCA,0,3,7,N723MQ,ontime
900,MQ,854,LGA,214,07-01-2004,4956,DCA,0,3,7,N733MQ,ontime
1100,MQ,1056,LGA,214,07-01-2004,4960,DCA,0,3,7,N722MQ,ontime
1300,MQ,1256,LGA,214,07-01-2004,4964,DCA,0,3,7,N726MQ,ontime
1400,MQ,1352,LGA,214,07-01-2004,4966,DCA,0,3,7,N730MQ,ontime
1500,MQ,1457,LGA,214,07-01-2004,4968,DCA,0,3,7,N703MQ,delayed
1600,MQ,1624,LGA,214,07-01-2004,4970,DCA,0,3,7,N713MQ,delayed
1900,MQ,2014,LGA,214,07-01-2004,4976,DCA,0,3,7,N735MQ,delayed
850,UA,849,LGA,229,07-01-2004,846,IAD,0,3,7,N567UA,ontime
630,US,628,LGA,214,07-01-2004,1479,DCA,0,3,7,N754UW,ontime
700,US,658,LGA,214,07-01-2004,2160,DCA,0,3,7,N725UW,ontime
800,US,757,LGA,214,07-01-2004,2162,DCA,0,3,7,N722UW,ontime
900,US,857,LGA,214,07-01-2004,2164,DCA,0,3,7,N744UW,ontime
1000,US,956,LGA,214,07-01-2004,2166,DCA,0,3,7,N720UW,ontime
1100,US,1058,LGA,214,07-01-2004,2168,DCA,0,3,7,N725UW,ontime
1200,US,1157,LGA,214,07-01-2004,2170,DCA,0,3,7,N722UW,ontime
1300,US,1256,LGA,214,07-01-2004,2172,DCA,0,3,7,N744UW,ontime
1400,US,1354,LGA,214,07-01-2004,2174,DCA,0,3,7,N720UW,ontime
1500,US,1457,LGA,214,07-01-2004,2176,DCA,0,3,7,N725UW,delayed
1600,US,1600,LGA,214,07-01-2004,2178,DCA,0,3,7,N722UW,delayed
1700,US,1656,LGA,214,07-01-2004,2180,DCA,0,3,7,N744UW,ontime
1800,US,1758,LGA,214,07-01-2004,2182,DCA,0,3,7,N720UW,ontime
1900,US,1859,LGA,214,07-01-2004,2184,DCA,0,3,7,N725UW,ontime
2000,US,1959,LGA,214,07-01-2004,2186,DCA,0,3,7,N722UW,delayed
2100,US,2054,LGA,214,07-01-2004,2188,DCA,0,3,7,N744UW,ontime
700,RU,659,EWR,169,07-01-2004,2703,BWI,0,3,7,N15574,ontime
1455,RU,1459,EWR,169,07-01-2004,2403,BWI,0,3,7,N21537,ontime
1720,RU,1920,EWR,169,07-01-2004,3372,BWI,0,3,7,N36915,delayed
1030,RU,1044,EWR,169,07-01-2004,2303,BWI,0,3,7,N18557,delayed
1300,CO,1255,EWR,199,07-01-2004,808,DCA,0,3,7,N14654,ontime
1900,CO,1948,EWR,199,07-01-2004,816,DCA,0,3,7,N60312,delayed
1730,CO,1813,EWR,199,07-01-2004,814,DCA,0,3,7,N76355,delayed
735,CO,728,EWR,199,07-01-2004,806,DCA,0,3,7,N18622,ontime
840,DH,840,EWR,213,07-01-2004,7299,IAD,0,3,7,N695BR,ontime
1710,DH,1725,EWR,213,07-01-2004,7302,IAD,0,3,7,N696BR,ontime
1245,DH,1320,EWR,213,07-01-2004,7303,IAD,0,3,7,N696BR,delayed
2120,DH,2117,EWR,213,07-01-2004,7304,IAD,0,3,7,N628BR,ontime
630,DH,624,EWR,213,07-01-2004,7305,IAD,0,3,7,N301UE,ontime
1430,DH,1439,EWR,213,07-01-2004,7307,IAD,0,3,7,N324UE,ontime
1359,RU,1352,EWR,199,07-01-2004,2216,DCA,0,3,7,N18557,ontime
700,RU,731,EWR,213,07-01-2004,2855,IAD,0,3,7,N13903,delayed
1500,RU,1457,EWR,213,07-01-2004,2156,IAD,0,3,7,N11150,delayed
900,RU,856,EWR,199,07-01-2004,2582,DCA,0,3,7,N19966,ontime
1300,RU,1254,EWR,213,07-01-2004,2367,IAD,0,3,7,N13538,ontime
1700,RU,1654,EWR,213,07-01-2004,2497,IAD,0,3,7,N13955,ontime
1900,RU,1955,EWR,213,07-01-2004,2385,IAD,0,3,7,N15527,delayed
645,RU,641,EWR,199,07-01-2004,2761,DCA,0,3,7,N16147,ontime
2100,RU,2058,EWR,199,07-01-2004,2879,DCA,0,3,7,N14153,ontime
1525,RU,1521,EWR,199,07-01-2004,2261,DCA,0,3,7,N11140,ontime
1630,RU,1629,EWR,199,07-01-2004,2181,DCA,0,3,7,N13538,ontime
1455,OH,1455,JFK,184,08-01-2004,5935,BWI,0,4,8,N819cA,ontime
1640,DH,1640,JFK,213,08-01-2004,6155,DCA,0,4,8,N418FJ,delayed
1245,DH,1245,LGA,229,08-01-2004,7208,IAD,0,4,8,N682BR,ontime
1455,DH,1706,LGA,229,08-01-2004,7211,IAD,0,4,8,N662BR,delayed
1715,DH,1710,LGA,229,08-01-2004,7215,IAD,0,4,8,N680BR,delayed
2120,DH,2151,LGA,229,08-01-2004,7684,IAD,0,4,8,N667BR,delayed
640,DH,648,LGA,229,08-01-2004,7790,IAD,0,4,8,N642BR,ontime
1040,DH,1036,LGA,229,08-01-2004,7792,IAD,0,4,8,N639BR,ontime
840,DH,852,JFK,228,08-01-2004,7800,IAD,0,4,8,N631BR,ontime
1240,DH,1237,JFK,228,08-01-2004,7806,IAD,0,4,8,N331UE,ontime
1455,DH,1449,JFK,228,08-01-2004,7808,IAD,0,4,8,N301UE,ontime
1645,DH,1639,JFK,228,08-01-2004,7810,IAD,0,4,8,N308UE,ontime
1715,DH,1714,JFK,228,08-01-2004,7812,IAD,0,4,8,N316UE,ontime
2120,DH,2135,JFK,228,08-01-2004,7814,IAD,0,4,8,N638BR,ontime
1610,DH,1609,JFK,228,08-01-2004,7816,IAD,0,4,8,N320UE,ontime
1455,DL,1601,JFK,213,08-01-2004,746,DCA,0,4,8,N962DL,delayed
630,DL,628,LGA,214,08-01-2004,1740,DCA,0,4,8,N223DZ,ontime
730,DL,728,LGA,214,08-01-2004,1742,DCA,0,4,8,N225DL,ontime
830,DL,828,LGA,214,08-01-2004,1744,DCA,0,4,8,N242DL,ontime
930,DL,931,LGA,214,08-01-2004,1746,DCA,0,4,8,N224DA,ontime
1030,DL,1030,LGA,214,08-01-2004,1748,DCA,0,4,8,N223DZ,ontime
1130,DL,1129,LGA,214,08-01-2004,1750,DCA,0,4,8,N225DL,ontime
1230,DL,1231,LGA,214,08-01-2004,1752,DCA,0,4,8,N242DL,ontime
1330,DL,1328,LGA,214,08-01-2004,1754,DCA,0,4,8,N224DA,ontime
1430,DL,1430,LGA,214,08-01-2004,1756,DCA,0,4,8,N241DL,ontime
1530,DL,1533,LGA,214,08-01-2004,1758,DCA,0,4,8,N225DL,ontime
1630,DL,1630,LGA,214,08-01-2004,1760,DCA,0,4,8,N242DL,ontime
1730,DL,1731,LGA,214,08-01-2004,1762,DCA,0,4,8,N224DA,ontime
1830,DL,1833,LGA,214,08-01-2004,1764,DCA,0,4,8,N241DL,ontime
1930,DL,1928,LGA,214,08-01-2004,1766,DCA,0,4,8,N225DL,ontime
2030,DL,2027,LGA,214,08-01-2004,1768,DCA,0,4,8,N242DL,ontime
1530,MQ,1524,JFK,213,08-01-2004,4752,DCA,0,4,8,N723MQ,ontime
600,MQ,552,JFK,213,08-01-2004,4760,DCA,0,4,8,N737MQ,ontime
1830,MQ,1844,JFK,213,08-01-2004,4784,DCA,0,4,8,N710MQ,ontime
700,MQ,722,LGA,214,08-01-2004,4952,DCA,0,4,8,N708MQ,ontime
800,MQ,759,LGA,214,08-01-2004,4954,DCA,0,4,8,N707MQ,ontime
900,MQ,856,LGA,214,08-01-2004,4956,DCA,0,4,8,N705MQ,ontime
1100,MQ,1050,LGA,214,08-01-2004,4960,DCA,0,4,8,N708MQ,ontime
1300,MQ,1256,LGA,214,08-01-2004,4964,DCA,0,4,8,N732MQ,ontime
1400,MQ,1353,LGA,214,08-01-2004,4966,DCA,0,4,8,N736MQ,ontime
1500,MQ,1457,LGA,214,08-01-2004,4968,DCA,0,4,8,N707MQ,ontime
1600,MQ,1557,LGA,214,08-01-2004,4970,DCA,0,4,8,N721MQ,ontime
1900,MQ,1852,LGA,214,08-01-2004,4976,DCA,0,4,8,N732MQ,ontime
850,UA,848,LGA,229,08-01-2004,846,IAD,0,4,8,N518UA,ontime
630,US,627,LGA,214,08-01-2004,1479,DCA,0,4,8,N767UW,ontime
700,US,658,LGA,214,08-01-2004,2160,DCA,0,4,8,N727UW,ontime
800,US,756,LGA,214,08-01-2004,2162,DCA,0,4,8,N725UW,ontime
900,US,856,LGA,214,08-01-2004,2164,DCA,0,4,8,N744UW,ontime
1000,US,958,LGA,214,08-01-2004,2166,DCA,0,4,8,N719UW,ontime
1100,US,1057,LGA,214,08-01-2004,2168,DCA,0,4,8,N727UW,ontime
1200,US,1157,LGA,214,08-01-2004,2170,DCA,0,4,8,N725UW,ontime
1300,US,1259,LGA,214,08-01-2004,2172,DCA,0,4,8,N744UW,ontime
1400,US,1408,LGA,214,08-01-2004,2174,DCA,0,4,8,N719UW,ontime
1500,US,1457,LGA,214,08-01-2004,2176,DCA,0,4,8,N727UW,ontime
1600,US,1557,LGA,214,08-01-2004,2178,DCA,0,4,8,N725UW,ontime
1700,US,1733,LGA,214,08-01-2004,2180,DCA,0,4,8,N770UW,delayed
1800,US,1758,LGA,214,08-01-2004,2182,DCA,0,4,8,N719UW,ontime
1900,US,1916,LGA,214,08-01-2004,2184,DCA,0,4,8,N725UW,delayed
2000,US,2031,LGA,214,08-01-2004,2186,DCA,0,4,8,N738UW,delayed
2100,US,2059,LGA,214,08-01-2004,2188,DCA,0,4,8,N770UW,ontime
1720,RU,1739,EWR,169,08-01-2004,3372,BWI,0,4,8,N13538,ontime
1455,RU,1456,EWR,169,08-01-2004,2403,BWI,0,4,8,N13935,ontime
1030,RU,1026,EWR,169,08-01-2004,2303,BWI,0,4,8,N14933,ontime
700,RU,655,EWR,169,08-01-2004,2703,BWI,0,4,8,N15973,ontime
1730,CO,1728,EWR,199,08-01-2004,814,DCA,0,4,8,N29717,ontime
735,CO,734,EWR,199,08-01-2004,806,DCA,0,4,8,N11612,ontime
1300,CO,1255,EWR,199,08-01-2004,808,DCA,0,4,8,N18658,ontime
1900,CO,1854,EWR,199,08-01-2004,816,DCA,0,4,8,N14645,ontime
840,DH,838,EWR,213,08-01-2004,7299,IAD,0,4,8,N674BR,ontime
1710,DH,1706,EWR,213,08-01-2004,7302,IAD,0,4,8,N652BR,ontime
1245,DH,1241,EWR,213,08-01-2004,7303,IAD,0,4,8,N652BR,ontime
2120,DH,2120,EWR,213,08-01-2004,7304,IAD,0,4,8,N695BR,ontime
630,DH,622,EWR,213,08-01-2004,7305,IAD,0,4,8,N332UE,ontime
1430,DH,1421,EWR,213,08-01-2004,7307,IAD,0,4,8,N303UE,ontime
1500,RU,1452,EWR,213,08-01-2004,2156,IAD,0,4,8,N13132,ontime
1900,RU,1857,EWR,213,08-01-2004,2385,IAD,0,4,8,N24103,ontime
1300,RU,1255,EWR,213,08-01-2004,2692,IAD,0,4,8,N25504,ontime
1630,RU,1625,EWR,199,08-01-2004,2181,DCA,0,4,8,N10575,ontime
645,RU,654,EWR,199,08-01-2004,2761,DCA,0,4,8,N11565,delayed
1359,RU,1354,EWR,199,08-01-2004,2216,DCA,0,4,8,N16546,ontime
700,RU,707,EWR,213,08-01-2004,2855,IAD,0,4,8,N14952,ontime
1700,RU,1700,EWR,213,08-01-2004,2497,IAD,0,4,8,N12564,ontime
900,RU,857,EWR,199,08-01-2004,2582,DCA,0,4,8,N36915,ontime
2100,RU,2051,EWR,199,08-01-2004,2879,DCA,0,4,8,N16954,ontime
1525,RU,1527,EWR,199,08-01-2004,2261,DCA,0,4,8,N16963,ontime
1455,OH,1455,JFK,184,09-01-2004,5935,BWI,0,5,9,N812CA,ontime
1640,DH,1634,JFK,213,09-01-2004,6155,DCA,0,5,9,N415FJ,ontime
1245,DH,1257,LGA,229,09-01-2004,7208,IAD,0,5,9,N650BR,ontime
1455,DH,1608,LGA,229,09-01-2004,7211,IAD,0,5,9,N697BR,delayed
1715,DH,2106,LGA,229,09-01-2004,7215,IAD,0,5,9,N658BR,delayed
2120,DH,2134,LGA,229,09-01-2004,7684,IAD,0,5,9,N699BR,ontime
640,DH,714,LGA,229,09-01-2004,7790,IAD,0,5,9,N647BR,delayed
1040,DH,1106,LGA,229,09-01-2004,7792,IAD,0,5,9,N647BR,ontime
840,DH,836,JFK,228,09-01-2004,7800,IAD,0,5,9,N667BR,delayed
1240,DH,1235,JFK,228,09-01-2004,7806,IAD,0,5,9,N316UE,ontime
1455,DH,1454,JFK,228,09-01-2004,7808,IAD,0,5,9,N308UE,ontime
1645,DH,1643,JFK,228,09-01-2004,7810,IAD,0,5,9,N311UE,ontime
1715,DH,1710,JFK,228,09-01-2004,7812,IAD,0,5,9,N333UE,ontime
2120,DH,2115,JFK,228,09-01-2004,7814,IAD,0,5,9,N675BR,ontime
1610,DH,1617,JFK,228,09-01-2004,7816,IAD,0,5,9,N309UE,ontime
1455,DL,1506,JFK,213,09-01-2004,746,DCA,0,5,9,N951DL,ontime
630,DL,629,LGA,214,09-01-2004,1740,DCA,0,5,9,N241DL,ontime
730,DL,730,LGA,214,09-01-2004,1742,DCA,0,5,9,N224DA,delayed
830,DL,832,LGA,214,09-01-2004,1744,DCA,0,5,9,N242DL,ontime
930,DL,930,LGA,214,09-01-2004,1746,DCA,0,5,9,N225DL,ontime
1030,DL,1032,LGA,214,09-01-2004,1748,DCA,0,5,9,N241DL,ontime
1130,DL,1131,LGA,214,09-01-2004,1750,DCA,0,5,9,N224DA,ontime
1230,DL,1228,LGA,214,09-01-2004,1752,DCA,0,5,9,N222DZ,ontime
1330,DL,1329,LGA,214,09-01-2004,1754,DCA,0,5,9,N225DL,ontime
1430,DL,1432,LGA,214,09-01-2004,1756,DCA,0,5,9,N241DL,ontime
1530,DL,1530,LGA,214,09-01-2004,1758,DCA,0,5,9,N221DL,ontime
1630,DL,1633,LGA,214,09-01-2004,1760,DCA,0,5,9,N222DZ,ontime
1730,DL,1735,LGA,214,09-01-2004,1762,DCA,0,5,9,N225DL,ontime
1830,DL,1829,LGA,214,09-01-2004,1764,DCA,0,5,9,N241DL,ontime
1930,DL,1931,LGA,214,09-01-2004,1766,DCA,0,5,9,N221DL,ontime
2030,DL,2030,LGA,214,09-01-2004,1768,DCA,0,5,9,N222DZ,ontime
1530,MQ,1535,JFK,213,09-01-2004,4752,DCA,0,5,9,N708MQ,ontime
600,MQ,558,JFK,213,09-01-2004,4760,DCA,0,5,9,N801MQ,ontime
1830,MQ,1851,JFK,213,09-01-2004,4784,DCA,0,5,9,N736MQ,delayed
800,MQ,843,LGA,214,09-01-2004,4954,DCA,0,5,9,N731MQ,delayed
900,MQ,851,LGA,214,09-01-2004,4956,DCA,0,5,9,N715MQ,ontime
1100,MQ,1141,LGA,214,09-01-2004,4960,DCA,0,5,9,N713MQ,delayed
1300,MQ,1252,LGA,214,09-01-2004,4964,DCA,0,5,9,N715MQ,ontime
1400,MQ,1359,LGA,214,09-01-2004,4966,DCA,0,5,9,N739MQ,ontime
1500,MQ,1503,LGA,214,09-01-2004,4968,DCA,0,5,9,N712MQ,ontime
1600,MQ,1618,LGA,214,09-01-2004,4970,DCA,0,5,9,N732MQ,delayed
1700,MQ,1658,LGA,214,09-01-2004,4972,DCA,0,5,9,N707MQ,ontime
1900,MQ,1916,LGA,214,09-01-2004,4976,DCA,0,5,9,N726MQ,delayed
850,UA,904,LGA,229,09-01-2004,846,IAD,0,5,9,N520UA,delayed
630,US,629,LGA,214,09-01-2004,1479,DCA,0,5,9,N733UW,ontime
700,US,657,LGA,214,09-01-2004,2160,DCA,0,5,9,N724UW,ontime
800,US,756,LGA,214,09-01-2004,2162,DCA,0,5,9,N738UW,ontime
1000,US,958,LGA,214,09-01-2004,2166,DCA,0,5,9,N722UW,ontime
1100,US,1057,LGA,214,09-01-2004,2168,DCA,0,5,9,N724UW,ontime
1200,US,1155,LGA,214,09-01-2004,2170,DCA,0,5,9,N738UW,ontime
1300,US,1259,LGA,214,09-01-2004,2172,DCA,0,5,9,N750UW,ontime
1400,US,1357,LGA,214,09-01-2004,2174,DCA,0,5,9,N722UW,ontime
1500,US,1458,LGA,214,09-01-2004,2176,DCA,0,5,9,N724UW,ontime
1600,US,1555,LGA,214,09-01-2004,2178,DCA,0,5,9,N738UW,ontime
1700,US,1657,LGA,214,09-01-2004,2180,DCA,0,5,9,N750UW,ontime
1800,US,1757,LGA,214,09-01-2004,2182,DCA,0,5,9,N722UW,ontime
1900,US,1902,LGA,214,09-01-2004,2184,DCA,0,5,9,N724UW,ontime
2000,US,1956,LGA,214,09-01-2004,2186,DCA,0,5,9,N738UW,ontime
2100,US,2052,LGA,214,09-01-2004,2188,DCA,0,5,9,N750UW,ontime
1720,RU,1720,EWR,169,09-01-2004,3372,BWI,0,5,9,N16963,ontime
1455,RU,1450,EWR,169,09-01-2004,2403,BWI,0,5,9,N15926,ontime
1030,RU,1108,EWR,169,09-01-2004,2303,BWI,0,5,9,N13989,delayed
700,RU,700,EWR,169,09-01-2004,2703,BWI,0,5,9,N12552,ontime
1730,CO,1727,EWR,199,09-01-2004,814,DCA,0,5,9,N70353,ontime
1900,CO,1858,EWR,199,09-01-2004,816,DCA,0,5,9,N46625,ontime
1300,CO,1258,EWR,199,09-01-2004,808,DCA,0,5,9,N14664,ontime
735,CO,732,EWR,199,09-01-2004,806,DCA,0,5,9,N19621,ontime
840,DH,840,EWR,213,09-01-2004,7299,IAD,0,5,9,N698BR,ontime
1710,DH,1707,EWR,213,09-01-2004,7302,IAD,0,5,9,N652BR,ontime
1245,DH,1242,EWR,213,09-01-2004,7303,IAD,0,5,9,N661BR,ontime
2120,DH,2121,EWR,213,09-01-2004,7304,IAD,0,5,9,N646BR,ontime
630,DH,629,EWR,213,09-01-2004,7305,IAD,0,5,9,N301UE,ontime
1430,DH,1423,EWR,213,09-01-2004,7307,IAD,0,5,9,N312UE,ontime
1630,RU,1627,EWR,199,09-01-2004,2181,DCA,0,5,9,N18556,ontime
1525,RU,1526,EWR,199,09-01-2004,2261,DCA,0,5,9,N13955,ontime
1359,RU,1357,EWR,199,09-01-2004,2216,DCA,0,5,9,N13989,ontime
700,RU,700,EWR,213,09-01-2004,2855,IAD,0,5,9,N13550,delayed
1300,RU,1256,EWR,213,09-01-2004,2692,IAD,0,5,9,N14505,ontime
1900,RU,1855,EWR,213,09-01-2004,2385,IAD,0,5,9,N27152,ontime
1500,RU,1457,EWR,213,09-01-2004,2156,IAD,0,5,9,N16151,ontime
900,RU,850,EWR,199,09-01-2004,2582,DCA,0,5,9,N11565,ontime
2100,RU,2058,EWR,199,09-01-2004,2879,DCA,0,5,9,N14907,ontime
1700,RU,1655,EWR,213,09-01-2004,2497,IAD,0,5,9,N12900,ontime
645,RU,645,EWR,199,09-01-2004,2761,DCA,0,5,9,N15985,ontime
1455,OH,1455,JFK,184,10-01-2004,5935,BWI,0,6,10,N805CA,ontime
1640,DH,1638,JFK,213,10-01-2004,6155,DCA,0,6,10,N424FJ,delayed
1245,DH,1243,LGA,229,10-01-2004,7208,IAD,0,6,10,N627BR,ontime
1715,DH,1710,LGA,229,10-01-2004,7215,IAD,0,6,10,N688BR,ontime
2120,DH,2130,LGA,229,10-01-2004,7684,IAD,0,6,10,N692BR,ontime
840,DH,918,JFK,228,10-01-2004,7800,IAD,0,6,10,N682BR,delayed
1240,DH,1303,JFK,228,10-01-2004,7806,IAD,0,6,10,N313UE,delayed
1645,DH,1642,JFK,228,10-01-2004,7810,IAD,0,6,10,N315UE,ontime
1715,DH,1708,JFK,228,10-01-2004,7812,IAD,0,6,10,N321UE,ontime
2120,DH,2126,JFK,228,10-01-2004,7814,IAD,0,6,10,N642BR,ontime
1800,DH,1800,JFK,228,10-01-2004,7818,IAD,0,6,10,N307UE,ontime
1455,DL,1505,JFK,213,10-01-2004,746,DCA,0,6,10,N906DE,delayed
730,DL,729,LGA,214,10-01-2004,1742,DCA,0,6,10,N225DL,ontime
830,DL,832,LGA,214,10-01-2004,1744,DCA,0,6,10,N241DL,ontime
1030,DL,1028,LGA,214,10-01-2004,1748,DCA,0,6,10,N221DL,ontime
1230,DL,1230,LGA,214,10-01-2004,1752,DCA,0,6,10,N241DL,ontime
1430,DL,1429,LGA,214,10-01-2004,1756,DCA,0,6,10,N221DL,ontime
1630,DL,1624,LGA,214,10-01-2004,1760,DCA,0,6,10,N241DL,ontime
1830,DL,1828,LGA,214,10-01-2004,1764,DCA,0,6,10,N221DL,ontime
2030,DL,2031,LGA,214,10-01-2004,1768,DCA,0,6,10,N241DL,ontime
1530,MQ,1529,JFK,213,10-01-2004,4752,DCA,0,6,10,N841MQ,ontime
600,MQ,557,JFK,213,10-01-2004,4760,DCA,0,6,10,N718MQ,delayed
1830,MQ,1826,JFK,213,10-01-2004,4784,DCA,0,6,10,N709MQ,ontime
900,MQ,855,LGA,214,10-01-2004,4956,DCA,0,6,10,N717MQ,ontime
1300,MQ,1309,LGA,214,10-01-2004,4964,DCA,0,6,10,N715MQ,ontime
850,UA,850,LGA,229,10-01-2004,846,IAD,0,6,10,N565UA,ontime
700,US,655,LGA,214,10-01-2004,2160,DCA,0,6,10,N722UW,ontime
900,US,857,LGA,214,10-01-2004,2164,DCA,0,6,10,N750UW,ontime
1100,US,1056,LGA,214,10-01-2004,2168,DCA,0,6,10,N722UW,ontime
1300,US,1256,LGA,214,10-01-2004,2172,DCA,0,6,10,N750UW,ontime
1500,US,1458,LGA,214,10-01-2004,2176,DCA,0,6,10,N722UW,ontime
1700,US,1656,LGA,214,10-01-2004,2180,DCA,0,6,10,N750UW,ontime
1900,US,1854,LGA,214,10-01-2004,2184,DCA,0,6,10,N722UW,ontime
1720,RU,1723,EWR,169,10-01-2004,3372,BWI,0,6,10,N13553,ontime
1455,RU,1450,EWR,169,10-01-2004,2229,BWI,0,6,10,N14943,ontime
700,RU,657,EWR,169,10-01-2004,2703,BWI,0,6,10,N10575,ontime
1030,RU,1030,EWR,169,10-01-2004,2303,BWI,0,6,10,N13936,ontime
1300,CO,1254,EWR,199,10-01-2004,808,DCA,0,6,10,N14660,ontime
840,DH,906,EWR,213,10-01-2004,7299,IAD,0,6,10,N705BR,ontime
1710,DH,1703,EWR,213,10-01-2004,7302,IAD,0,6,10,N658BR,ontime
1245,DH,1255,EWR,213,10-01-2004,7303,IAD,0,6,10,N658BR,ontime
2120,DH,2114,EWR,213,10-01-2004,7304,IAD,0,6,10,N625BR,ontime
1700,RU,1655,EWR,213,10-01-2004,2497,IAD,0,6,10,N16149,ontime
700,RU,658,EWR,213,10-01-2004,2855,IAD,0,6,10,N26545,ontime
1600,RU,1555,EWR,199,10-01-2004,2361,DCA,0,6,10,N17560,ontime
1500,RU,1456,EWR,213,10-01-2004,2156,IAD,0,6,10,N11113,ontime
645,RU,645,EWR,199,10-01-2004,2761,DCA,0,6,10,N14943,ontime
1730,RU,1719,EWR,199,10-01-2004,2097,DCA,0,6,10,N13903,ontime
1359,RU,1355,EWR,199,10-01-2004,2216,DCA,0,6,10,N13553,ontime
930,RU,925,EWR,199,10-01-2004,2582,DCA,0,6,10,N27152,ontime
1455,OH,1455,JFK,184,11-01-2004,5935,BWI,0,7,11,N966CA,ontime
1640,DH,1634,JFK,213,11-01-2004,6155,DCA,0,7,11,N415FJ,ontime
1245,DH,1304,LGA,229,11-01-2004,7208,IAD,0,7,11,N684BR,ontime
1455,DH,1500,LGA,229,11-01-2004,7211,IAD,0,7,11,N309UE,ontime
1715,DH,1712,LGA,229,11-01-2004,7215,IAD,0,7,11,N706BR,ontime
2120,DH,2115,LGA,229,11-01-2004,7684,IAD,0,7,11,N677BR,ontime
840,DH,840,JFK,228,11-01-2004,7800,IAD,0,7,11,N692BR,ontime
1240,DH,1238,JFK,228,11-01-2004,7806,IAD,0,7,11,N321UE,ontime
1455,DH,1533,JFK,228,11-01-2004,7808,IAD,0,7,11,N316UE,delayed
1645,DH,1637,JFK,228,11-01-2004,7810,IAD,0,7,11,N332UE,ontime
1715,DH,1714,JFK,228,11-01-2004,7812,IAD,0,7,11,N329UE,ontime
2120,DH,2155,JFK,228,11-01-2004,7814,IAD,0,7,11,N674BR,delayed
1610,DH,1627,JFK,228,11-01-2004,7816,IAD,0,7,11,N330UE,ontime
1455,DL,1456,JFK,213,11-01-2004,746,DCA,0,7,11,N970DL,delayed
830,DL,829,LGA,214,11-01-2004,1744,DCA,0,7,11,N221DL,ontime
1030,DL,1028,LGA,214,11-01-2004,1748,DCA,0,7,11,N242DL,ontime
1130,DL,1130,LGA,214,11-01-2004,1750,DCA,0,7,11,N241DL,ontime
1230,DL,1231,LGA,214,11-01-2004,1752,DCA,0,7,11,N221DL,ontime
1330,DL,1327,LGA,214,11-01-2004,1754,DCA,0,7,11,N222DZ,ontime
1430,DL,1430,LGA,214,11-01-2004,1756,DCA,0,7,11,N242DL,ontime
1530,DL,1529,LGA,214,11-01-2004,1758,DCA,0,7,11,N241DL,ontime
1630,DL,1628,LGA,214,11-01-2004,1760,DCA,0,7,11,N221DL,ontime
1730,DL,1732,LGA,214,11-01-2004,1762,DCA,0,7,11,N222DZ,ontime
1830,DL,1842,LGA,214,11-01-2004,1764,DCA,0,7,11,N242DL,ontime
1930,DL,1928,LGA,214,11-01-2004,1766,DCA,0,7,11,N241DL,ontime
2030,DL,2032,LGA,214,11-01-2004,1768,DCA,0,7,11,N221DL,ontime
1530,MQ,1525,JFK,213,11-01-2004,4752,DCA,0,7,11,N801MQ,ontime
600,MQ,552,JFK,213,11-01-2004,4760,DCA,0,7,11,N710MQ,ontime
925,MQ,915,JFK,213,11-01-2004,4771,DCA,0,7,11,N704MQ,ontime
1830,MQ,2015,JFK,213,11-01-2004,4784,DCA,0,7,11,N704MQ,delayed
1300,MQ,1255,LGA,214,11-01-2004,4964,DCA,0,7,11,N709MQ,delayed
1500,MQ,1456,LGA,214,11-01-2004,4968,DCA,0,7,11,N704MQ,ontime
1700,MQ,1652,LGA,214,11-01-2004,4972,DCA,0,7,11,N737MQ,ontime
1900,MQ,1900,LGA,214,11-01-2004,4976,DCA,0,7,11,N734MQ,ontime
850,UA,848,LGA,229,11-01-2004,846,IAD,0,7,11,N588UA,ontime
900,US,858,LGA,214,11-01-2004,2164,DCA,0,7,11,N763UW,ontime
1000,US,957,LGA,214,11-01-2004,2166,DCA,0,7,11,N721UW,ontime
1100,US,1057,LGA,214,11-01-2004,2168,DCA,0,7,11,N722UW,ontime
1200,US,1202,LGA,214,11-01-2004,2170,DCA,0,7,11,N748UW,ontime
1300,US,1258,LGA,214,11-01-2004,2172,DCA,0,7,11,N763UW,ontime
1400,US,1350,LGA,214,11-01-2004,2174,DCA,0,7,11,N721UW,ontime
1500,US,1452,LGA,214,11-01-2004,2176,DCA,0,7,11,N722UW,ontime
1600,US,1556,LGA,214,11-01-2004,2178,DCA,0,7,11,N748UW,ontime
1700,US,1657,LGA,214,11-01-2004,2180,DCA,0,7,11,N763UW,ontime
1800,US,1753,LGA,214,11-01-2004,2182,DCA,0,7,11,N721UW,ontime
1900,US,1856,LGA,214,11-01-2004,2184,DCA,0,7,11,N722UW,ontime
2000,US,2002,LGA,214,11-01-2004,2186,DCA,0,7,11,N748UW,ontime
2100,US,2054,LGA,214,11-01-2004,2188,DCA,0,7,11,N763UW,ontime
1720,RU,1736,EWR,169,11-01-2004,3372,BWI,0,7,11,N12540,ontime
1030,RU,1029,EWR,169,11-01-2004,2303,BWI,0,7,11,N13990,ontime
1315,RU,1310,EWR,169,11-01-2004,2703,BWI,0,7,11,N12946,ontime
1455,RU,1450,EWR,169,11-01-2004,2403,BWI,0,7,11,N10575,ontime
1900,CO,1851,EWR,199,11-01-2004,816,DCA,0,7,11,N33608,ontime
1300,CO,1255,EWR,199,11-01-2004,1767,DCA,0,7,11,N11656,ontime
1630,CO,1623,EWR,199,11-01-2004,810,DCA,0,7,11,N19623,ontime
840,DH,835,EWR,213,11-01-2004,7299,IAD,0,7,11,N654BR,ontime
1710,DH,1700,EWR,213,11-01-2004,7302,IAD,0,7,11,N691BR,ontime
1245,DH,1241,EWR,213,11-01-2004,7303,IAD,0,7,11,N691BR,ontime
2120,DH,2113,EWR,213,11-01-2004,7304,IAD,0,7,11,N652BR,ontime
1430,DH,1531,EWR,213,11-01-2004,7307,IAD,0,7,11,N307UE,delayed
2130,RU,2130,EWR,199,11-01-2004,2879,DCA,0,7,11,N13123,ontime
845,RU,844,EWR,213,11-01-2004,2254,IAD,0,7,11,N13975,ontime
1700,RU,1656,EWR,213,11-01-2004,2497,IAD,0,7,11,N13969,ontime
1730,RU,1723,EWR,199,11-01-2004,2097,DCA,0,7,11,N16976,ontime
1359,RU,1356,EWR,199,11-01-2004,2216,DCA,0,7,11,N14993,ontime
930,RU,926,EWR,199,11-01-2004,2582,DCA,0,7,11,N13968,ontime
1500,RU,1501,EWR,213,11-01-2004,2156,IAD,0,7,11,N17115,ontime
1900,RU,1856,EWR,213,11-01-2004,2385,IAD,0,7,11,N17115,ontime
1455,OH,1450,JFK,184,12-01-2004,5935,BWI,0,1,12,N812CA,ontime
1640,DH,1640,JFK,213,12-01-2004,6155,DCA,0,1,12,N418FJ,ontime
1245,DH,1244,LGA,229,12-01-2004,7208,IAD,0,1,12,N320UE,ontime
1455,DH,1442,LGA,229,12-01-2004,7211,IAD,0,1,12,N676BR,ontime
1715,DH,1709,LGA,229,12-01-2004,7215,IAD,0,1,12,N645BR,ontime
2120,DH,2112,LGA,229,12-01-2004,7684,IAD,0,1,12,N702BR,ontime
640,DH,641,LGA,229,12-01-2004,7790,IAD,0,1,12,N676BR,delayed
1040,DH,1037,LGA,229,12-01-2004,7792,IAD,0,1,12,N676BR,ontime
840,DH,833,JFK,228,12-01-2004,7800,IAD,0,1,12,N677BR,ontime
1240,DH,1240,JFK,228,12-01-2004,7806,IAD,0,1,12,N309UE,ontime
1455,DH,1535,JFK,228,12-01-2004,7808,IAD,0,1,12,N321UE,delayed
1645,DH,1638,JFK,228,12-01-2004,7810,IAD,0,1,12,N315UE,ontime
1715,DH,1710,JFK,228,12-01-2004,7812,IAD,0,1,12,N327UE,ontime
2120,DH,2112,JFK,228,12-01-2004,7814,IAD,0,1,12,N659BR,ontime
1455,DL,1451,JFK,213,12-01-2004,746,DCA,0,1,12,N974DL,ontime
630,DL,630,LGA,214,12-01-2004,1740,DCA,0,1,12,N242DL,ontime
730,DL,733,LGA,214,12-01-2004,1742,DCA,0,1,12,N222DZ,ontime
830,DL,830,LGA,214,12-01-2004,1744,DCA,0,1,12,N241DL,ontime
930,DL,1004,LGA,214,12-01-2004,1746,DCA,0,1,12,N221DL,delayed
1030,DL,1028,LGA,214,12-01-2004,1748,DCA,0,1,12,N223DZ,ontime
1130,DL,1131,LGA,214,12-01-2004,1750,DCA,0,1,12,N222DZ,ontime
1230,DL,1230,LGA,214,12-01-2004,1752,DCA,0,1,12,N241DL,ontime
1330,DL,1328,LGA,214,12-01-2004,1754,DCA,0,1,12,N221DL,ontime
1430,DL,1432,LGA,214,12-01-2004,1756,DCA,0,1,12,N223DZ,ontime
1530,DL,1529,LGA,214,12-01-2004,1758,DCA,0,1,12,N222DZ,ontime
1630,DL,1630,LGA,214,12-01-2004,1760,DCA,0,1,12,N241DL,ontime
1730,DL,1728,LGA,214,12-01-2004,1762,DCA,0,1,12,N221DL,ontime
1830,DL,1830,LGA,214,12-01-2004,1764,DCA,0,1,12,N223DZ,ontime
1930,DL,1929,LGA,214,12-01-2004,1766,DCA,0,1,12,N222DZ,ontime
2030,DL,2029,LGA,214,12-01-2004,1768,DCA,0,1,12,N224DA,ontime
1530,MQ,1527,JFK,213,12-01-2004,4752,DCA,0,1,12,N705MQ,ontime
600,MQ,553,JFK,213,12-01-2004,4760,DCA,0,1,12,N717MQ,ontime
1830,MQ,1820,JFK,213,12-01-2004,4784,DCA,0,1,12,N704MQ,ontime
700,MQ,654,LGA,214,12-01-2004,4952,DCA,0,1,12,N801MQ,delayed
800,MQ,756,LGA,214,12-01-2004,4954,DCA,0,1,12,N713MQ,ontime
900,MQ,855,LGA,214,12-01-2004,4956,DCA,0,1,12,N705MQ,ontime
1100,MQ,1053,LGA,214,12-01-2004,4960,DCA,0,1,12,N725MQ,ontime
1300,MQ,1258,LGA,214,12-01-2004,4964,DCA,0,1,12,N711MQ,ontime
1500,MQ,1450,LGA,214,12-01-2004,4968,DCA,0,1,12,N704MQ,ontime
1600,MQ,1552,LGA,214,12-01-2004,4970,DCA,0,1,12,N725MQ,ontime
1700,MQ,1647,LGA,214,12-01-2004,4972,DCA,0,1,12,N726MQ,ontime
1900,MQ,1903,LGA,214,12-01-2004,4976,DCA,0,1,12,N739MQ,ontime
850,UA,848,LGA,229,12-01-2004,846,IAD,0,1,12,N562UA,ontime
630,US,628,LGA,214,12-01-2004,1479,DCA,0,1,12,N721UW,ontime
700,US,657,LGA,214,12-01-2004,2160,DCA,0,1,12,N762UW,delayed
800,US,758,LGA,214,12-01-2004,2162,DCA,0,1,12,N722UW,ontime
900,US,857,LGA,214,12-01-2004,2164,DCA,0,1,12,N708UW,ontime
1000,US,955,LGA,214,12-01-2004,2166,DCA,0,1,12,N724UW,ontime
1100,US,1058,LGA,214,12-01-2004,2168,DCA,0,1,12,N762UW,delayed
1200,US,1156,LGA,214,12-01-2004,2170,DCA,0,1,12,N722UW,ontime
1300,US,1256,LGA,214,12-01-2004,2172,DCA,0,1,12,N708UW,ontime
1400,US,1358,LGA,214,12-01-2004,2174,DCA,0,1,12,N724UW,ontime
1500,US,1458,LGA,214,12-01-2004,2176,DCA,0,1,12,N762UW,ontime
1600,US,1559,LGA,214,12-01-2004,2178,DCA,0,1,12,N722UW,ontime
1700,US,1656,LGA,214,12-01-2004,2180,DCA,0,1,12,N708UW,delayed
1800,US,1756,LGA,214,12-01-2004,2182,DCA,0,1,12,N724UW,ontime
1900,US,1858,LGA,214,12-01-2004,2184,DCA,0,1,12,N762UW,ontime
2000,US,1958,LGA,214,12-01-2004,2186,DCA,0,1,12,N722UW,ontime
2100,US,2056,LGA,214,12-01-2004,2188,DCA,0,1,12,N708UW,ontime
700,RU,656,EWR,169,12-01-2004,2703,BWI,0,1,12,N16976,ontime
1455,RU,1509,EWR,169,12-01-2004,2403,BWI,0,1,12,N15926,delayed
1720,RU,1720,EWR,169,12-01-2004,3372,BWI,0,1,12,N12552,ontime
1030,RU,1040,EWR,169,12-01-2004,2303,BWI,0,1,12,N12540,ontime
735,CO,729,EWR,199,12-01-2004,806,DCA,0,1,12,N32626,ontime
1300,CO,1257,EWR,199,12-01-2004,808,DCA,0,1,12,N23657,ontime
1730,CO,1732,EWR,199,12-01-2004,814,DCA,0,1,12,N61304,delayed
1900,CO,1852,EWR,199,12-01-2004,816,DCA,0,1,12,N15659,ontime
840,DH,831,EWR,213,12-01-2004,7299,IAD,0,1,12,N664BR,ontime
1710,DH,1710,EWR,213,12-01-2004,7302,IAD,0,1,12,N695BR,ontime
1245,DH,1359,EWR,213,12-01-2004,7303,IAD,0,1,12,N695BR,delayed
2120,DH,2112,EWR,213,12-01-2004,7304,IAD,0,1,12,N333UE,ontime
630,DH,622,EWR,213,12-01-2004,7305,IAD,0,1,12,N327UE,ontime
1430,DH,1421,EWR,213,12-01-2004,7307,IAD,0,1,12,N332UE,ontime
1359,RU,1348,EWR,199,12-01-2004,2216,DCA,0,1,12,N12540,ontime
900,RU,858,EWR,199,12-01-2004,2582,DCA,0,1,12,N19554,ontime
1525,RU,1519,EWR,199,12-01-2004,2261,DCA,0,1,12,N16976,ontime
1700,RU,1649,EWR,213,12-01-2004,2497,IAD,0,1,12,N12567,ontime
1900,RU,1857,EWR,213,12-01-2004,2385,IAD,0,1,12,N16976,ontime
2100,RU,2056,EWR,199,12-01-2004,2879,DCA,0,1,12,N16927,ontime
1300,RU,1253,EWR,213,12-01-2004,2692,IAD,0,1,12,N17507,ontime
645,RU,651,EWR,199,12-01-2004,2761,DCA,0,1,12,N21537,ontime
1630,RU,1622,EWR,199,12-01-2004,2181,DCA,0,1,12,N16963,ontime
700,RU,657,EWR,213,12-01-2004,2855,IAD,0,1,12,N12996,ontime
1500,RU,1456,EWR,213,12-01-2004,2156,IAD,0,1,12,N41104,ontime
1455,OH,1453,JFK,184,13-01-2004,5935,BWI,0,2,13,N967CA,ontime
1640,DH,1639,JFK,213,13-01-2004,6155,DCA,0,2,13,N426FJ,ontime
1245,DH,1238,LGA,229,13-01-2004,7208,IAD,0,2,13,N328UE,ontime
1715,DH,1922,LGA,229,13-01-2004,7215,IAD,0,2,13,N642BR,delayed
2120,DH,2124,LGA,229,13-01-2004,7684,IAD,0,2,13,N648BR,ontime
640,DH,655,LGA,229,13-01-2004,7790,IAD,0,2,13,N690BR,delayed
1040,DH,1038,LGA,229,13-01-2004,7792,IAD,0,2,13,N690BR,ontime
840,DH,833,JFK,228,13-01-2004,7800,IAD,0,2,13,N628BR,ontime
1240,DH,1236,JFK,228,13-01-2004,7806,IAD,0,2,13,N327UE,ontime
1455,DH,1450,JFK,228,13-01-2004,7808,IAD,0,2,13,N316UE,ontime
1645,DH,1640,JFK,228,13-01-2004,7810,IAD,0,2,13,N331UE,ontime
1715,DH,1713,JFK,228,13-01-2004,7812,IAD,0,2,13,N330UE,ontime
2120,DH,2125,JFK,228,13-01-2004,7814,IAD,0,2,13,N625BR,ontime
1610,DH,1642,JFK,228,13-01-2004,7816,IAD,0,2,13,N328UE,delayed
1455,DL,1453,JFK,213,13-01-2004,746,DCA,0,2,13,N904DE,ontime
630,DL,629,LGA,214,13-01-2004,1740,DCA,0,2,13,N223DZ,ontime
730,DL,729,LGA,214,13-01-2004,1742,DCA,0,2,13,N221DL,ontime
830,DL,831,LGA,214,13-01-2004,1744,DCA,0,2,13,N222DZ,ontime
930,DL,929,LGA,214,13-01-2004,1746,DCA,0,2,13,N224DA,ontime
1030,DL,1029,LGA,214,13-01-2004,1748,DCA,0,2,13,N223DZ,ontime
1130,DL,1128,LGA,214,13-01-2004,1750,DCA,0,2,13,N221DL,ontime
1230,DL,1228,LGA,214,13-01-2004,1752,DCA,0,2,13,N222DZ,ontime
1330,DL,1329,LGA,214,13-01-2004,1754,DCA,0,2,13,N224DA,ontime
1430,DL,1429,LGA,214,13-01-2004,1756,DCA,0,2,13,N223DZ,ontime
1530,DL,1529,LGA,214,13-01-2004,1758,DCA,0,2,13,N221DL,ontime
1630,DL,1634,LGA,214,13-01-2004,1760,DCA,0,2,13,N222DZ,delayed
1730,DL,1733,LGA,214,13-01-2004,1762,DCA,0,2,13,N224DA,ontime
1830,DL,1830,LGA,214,13-01-2004,1764,DCA,0,2,13,N223DZ,ontime
1930,DL,1930,LGA,214,13-01-2004,1766,DCA,0,2,13,N221DL,ontime
2030,DL,2028,LGA,214,13-01-2004,1768,DCA,0,2,13,N222DZ,delayed
1530,MQ,1516,JFK,213,13-01-2004,4752,DCA,0,2,13,N709MQ,ontime
600,MQ,553,JFK,213,13-01-2004,4760,DCA,0,2,13,N707MQ,ontime
1830,MQ,1851,JFK,213,13-01-2004,4784,DCA,0,2,13,N700MQ,delayed
700,MQ,650,LGA,214,13-01-2004,4952,DCA,0,2,13,N715MQ,ontime
800,MQ,755,LGA,214,13-01-2004,4954,DCA,0,2,13,N724MQ,ontime
900,MQ,851,LGA,214,13-01-2004,4956,DCA,0,2,13,N709MQ,ontime
1100,MQ,1050,LGA,214,13-01-2004,4960,DCA,0,2,13,N715MQ,ontime
1300,MQ,1248,LGA,214,13-01-2004,4964,DCA,0,2,13,N736MQ,ontime
1400,MQ,1401,LGA,214,13-01-2004,4966,DCA,0,2,13,N733MQ,ontime
1500,MQ,1453,LGA,214,13-01-2004,4968,DCA,0,2,13,N704MQ,ontime
1600,MQ,1700,LGA,214,13-01-2004,4970,DCA,0,2,13,N703MQ,delayed
1700,MQ,1811,LGA,214,13-01-2004,4972,DCA,0,2,13,N727MQ,delayed
1900,MQ,2007,LGA,214,13-01-2004,4976,DCA,0,2,13,N846MQ,delayed
850,UA,845,LGA,229,13-01-2004,846,IAD,0,2,13,N514UA,ontime
630,US,629,LGA,214,13-01-2004,1479,DCA,0,2,13,N730UW,ontime
700,US,658,LGA,214,13-01-2004,2160,DCA,0,2,13,N756UW,ontime
800,US,756,LGA,214,13-01-2004,2162,DCA,0,2,13,N741UW,ontime
900,US,857,LGA,214,13-01-2004,2164,DCA,0,2,13,N737UW,ontime
1000,US,958,LGA,214,13-01-2004,2166,DCA,0,2,13,N722UW,ontime
1100,US,1057,LGA,214,13-01-2004,2168,DCA,0,2,13,N756UW,ontime
1200,US,1156,LGA,214,13-01-2004,2170,DCA,0,2,13,N741UW,ontime
1300,US,1255,LGA,214,13-01-2004,2172,DCA,0,2,13,N737UW,ontime
1400,US,1359,LGA,214,13-01-2004,2174,DCA,0,2,13,N722UW,ontime
1500,US,1459,LGA,214,13-01-2004,2176,DCA,0,2,13,N756UW,ontime
1600,US,1558,LGA,214,13-01-2004,2178,DCA,0,2,13,N741UW,delayed
1700,US,1706,LGA,214,13-01-2004,2180,DCA,0,2,13,N748UW,ontime
1800,US,1759,LGA,214,13-01-2004,2182,DCA,0,2,13,N722UW,ontime
1900,US,1857,LGA,214,13-01-2004,2184,DCA,0,2,13,N756UW,ontime
2000,US,1956,LGA,214,13-01-2004,2186,DCA,0,2,13,N741UW,ontime
2100,US,2056,LGA,214,13-01-2004,2188,DCA,0,2,13,N746UW,ontime
1030,RU,1025,EWR,169,13-01-2004,2303,BWI,0,2,13,N14542,ontime
1720,RU,1831,EWR,169,13-01-2004,3372,BWI,0,2,13,N14542,delayed
700,RU,653,EWR,169,13-01-2004,2703,BWI,0,2,13,N12530,ontime
1455,RU,1537,EWR,169,13-01-2004,2403,BWI,0,2,13,N13990,delayed
735,CO,729,EWR,199,13-01-2004,806,DCA,0,2,13,N16632,ontime
1730,CO,1816,EWR,199,13-01-2004,814,DCA,0,2,13,N14337,delayed
1900,CO,1924,EWR,199,13-01-2004,816,DCA,0,2,13,N16632,delayed
1300,CO,1258,EWR,199,13-01-2004,808,DCA,0,2,13,N16646,ontime
840,DH,836,EWR,213,13-01-2004,7299,IAD,0,2,13,N658BR,ontime
1710,DH,1708,EWR,213,13-01-2004,7302,IAD,0,2,13,N693BR,ontime
1245,DH,1237,EWR,213,13-01-2004,7303,IAD,0,2,13,N693BR,ontime
2120,DH,2115,EWR,213,13-01-2004,7304,IAD,0,2,13,N698BR,ontime
630,DH,626,EWR,213,13-01-2004,7305,IAD,0,2,13,N312UE,ontime
1430,DH,1740,EWR,213,13-01-2004,7307,IAD,0,2,13,N308UE,delayed
1300,RU,1255,EWR,213,13-01-2004,2367,IAD,0,2,13,N14974,ontime
700,RU,655,EWR,213,13-01-2004,2855,IAD,0,2,13,N17560,ontime
1500,RU,1456,EWR,213,13-01-2004,2156,IAD,0,2,13,N16149,ontime
1700,RU,1655,EWR,213,13-01-2004,2497,IAD,0,2,13,N12922,ontime
1359,RU,1355,EWR,199,13-01-2004,2216,DCA,0,2,13,N14542,ontime
1900,RU,1927,EWR,213,13-01-2004,2385,IAD,0,2,13,N15983,delayed
1525,RU,1519,EWR,199,13-01-2004,2261,DCA,0,2,13,N19554,ontime
645,RU,641,EWR,199,13-01-2004,2761,DCA,0,2,13,N24103,ontime
1630,RU,1625,EWR,199,13-01-2004,2181,DCA,0,2,13,N14974,ontime
900,RU,855,EWR,199,13-01-2004,2582,DCA,0,2,13,N12552,ontime
2100,RU,2055,EWR,199,13-01-2004,2879,DCA,0,2,13,N26549,ontime
1455,OH,1500,JFK,184,14-01-2004,5935,BWI,0,3,14,N796CA,ontime
1640,DH,1630,JFK,213,14-01-2004,6155,DCA,0,3,14,N415FJ,ontime
1245,DH,1243,LGA,229,14-01-2004,7208,IAD,0,3,14,N679BR,ontime
1715,DH,1722,LGA,229,14-01-2004,7215,IAD,0,3,14,N684BR,ontime
2120,DH,2118,LGA,229,14-01-2004,7684,IAD,0,3,14,N673BR,ontime
640,DH,640,LGA,229,14-01-2004,7790,IAD,0,3,14,N687BR,ontime
1040,DH,1034,LGA,229,14-01-2004,7792,IAD,0,3,14,N315UE,ontime
840,DH,844,JFK,228,14-01-2004,7800,IAD,0,3,14,N642BR,ontime
1240,DH,1243,JFK,228,14-01-2004,7806,IAD,0,3,14,N330UE,ontime
1455,DH,1450,JFK,228,14-01-2004,7808,IAD,0,3,14,N309UE,ontime
1645,DH,1640,JFK,228,14-01-2004,7810,IAD,0,3,14,N332UE,ontime
1715,DH,1714,JFK,228,14-01-2004,7812,IAD,0,3,14,N333UE,ontime
2120,DH,2119,JFK,228,14-01-2004,7814,IAD,0,3,14,N625BR,ontime
1610,DH,1631,JFK,228,14-01-2004,7816,IAD,0,3,14,N315UE,ontime
1455,DL,1454,JFK,213,14-01-2004,746,DCA,0,3,14,N987DL,ontime
630,DL,631,LGA,214,14-01-2004,1740,DCA,0,3,14,N223DZ,ontime
730,DL,730,LGA,214,14-01-2004,1742,DCA,0,3,14,N224DA,ontime
830,DL,829,LGA,214,14-01-2004,1744,DCA,0,3,14,N231DN,ontime
930,DL,929,LGA,214,14-01-2004,1746,DCA,0,3,14,N221DL,ontime
1030,DL,1029,LGA,214,14-01-2004,1748,DCA,0,3,14,N223DZ,ontime
1130,DL,1132,LGA,214,14-01-2004,1750,DCA,0,3,14,N224DA,delayed
1230,DL,1230,LGA,214,14-01-2004,1752,DCA,0,3,14,N231DN,ontime
1330,DL,1329,LGA,214,14-01-2004,1754,DCA,0,3,14,N221DL,ontime
1430,DL,1431,LGA,214,14-01-2004,1756,DCA,0,3,14,N223DZ,ontime
1530,DL,1530,LGA,214,14-01-2004,1758,DCA,0,3,14,N224DA,delayed
1630,DL,1631,LGA,214,14-01-2004,1760,DCA,0,3,14,N231DN,ontime
1730,DL,1728,LGA,214,14-01-2004,1762,DCA,0,3,14,N221DL,ontime
1830,DL,1829,LGA,214,14-01-2004,1764,DCA,0,3,14,N223DZ,ontime
1930,DL,1928,LGA,214,14-01-2004,1766,DCA,0,3,14,N224DA,delayed
2030,DL,2030,LGA,214,14-01-2004,1768,DCA,0,3,14,N231DN,delayed
1530,MQ,1526,JFK,213,14-01-2004,4752,DCA,0,3,14,N813MQ,ontime
600,MQ,553,JFK,213,14-01-2004,4760,DCA,0,3,14,N843MQ,ontime
1830,MQ,1825,JFK,213,14-01-2004,4784,DCA,0,3,14,N728MQ,ontime
700,MQ,657,LGA,214,14-01-2004,4952,DCA,0,3,14,N707MQ,delayed
800,MQ,757,LGA,214,14-01-2004,4954,DCA,0,3,14,N734MQ,ontime
900,MQ,853,LGA,214,14-01-2004,4956,DCA,0,3,14,N721MQ,ontime
1100,MQ,1111,LGA,214,14-01-2004,4960,DCA,0,3,14,N707MQ,delayed
1300,MQ,1255,LGA,214,14-01-2004,4964,DCA,0,3,14,N724MQ,ontime
1500,MQ,1454,LGA,214,14-01-2004,4968,DCA,0,3,14,N728MQ,ontime
1600,MQ,1612,LGA,214,14-01-2004,4970,DCA,0,3,14,N723MQ,ontime
1700,MQ,1658,LGA,214,14-01-2004,4972,DCA,0,3,14,N724MQ,ontime
1900,MQ,1917,LGA,214,14-01-2004,4976,DCA,0,3,14,N726MQ,ontime
850,UA,847,LGA,229,14-01-2004,846,IAD,0,3,14,N533UA,ontime
630,US,627,LGA,214,14-01-2004,1479,DCA,0,3,14,N737UW,ontime
700,US,657,LGA,214,14-01-2004,2160,DCA,0,3,14,N748UW,ontime
800,US,757,LGA,214,14-01-2004,2162,DCA,0,3,14,N756UW,ontime
900,US,856,LGA,214,14-01-2004,2164,DCA,0,3,14,N739UW,ontime
1000,US,1001,LGA,214,14-01-2004,2166,DCA,0,3,14,N707UW,ontime
1100,US,1057,LGA,214,14-01-2004,2168,DCA,0,3,14,N748UW,ontime
1200,US,1157,LGA,214,14-01-2004,2170,DCA,0,3,14,N756UW,ontime
1300,US,1257,LGA,214,14-01-2004,2172,DCA,0,3,14,N739UW,ontime
1400,US,1356,LGA,214,14-01-2004,2174,DCA,0,3,14,N707UW,ontime
1500,US,1500,LGA,214,14-01-2004,2176,DCA,0,3,14,N748UW,ontime
1600,US,1559,LGA,214,14-01-2004,2178,DCA,0,3,14,N756UW,ontime
1700,US,1653,LGA,214,14-01-2004,2180,DCA,0,3,14,N739UW,ontime
1800,US,1757,LGA,214,14-01-2004,2182,DCA,0,3,14,N707UW,ontime
1900,US,1858,LGA,214,14-01-2004,2184,DCA,0,3,14,N748UW,ontime
2000,US,1959,LGA,214,14-01-2004,2186,DCA,0,3,14,N756UW,delayed
2100,US,2059,LGA,214,14-01-2004,2188,DCA,0,3,14,N739UW,ontime
700,RU,655,EWR,169,14-01-2004,2703,BWI,0,3,14,N14542,ontime
1455,RU,1449,EWR,169,14-01-2004,2403,BWI,0,3,14,N14570,ontime
1720,RU,1722,EWR,169,14-01-2004,3372,BWI,0,3,14,N14974,ontime
1030,RU,1035,EWR,169,14-01-2004,2303,BWI,0,3,14,N12921,ontime
1300,CO,1257,EWR,199,14-01-2004,808,DCA,0,3,14,N11612,ontime
1900,CO,1915,EWR,199,14-01-2004,816,DCA,0,3,14,N14667,ontime
735,CO,731,EWR,199,14-01-2004,806,DCA,0,3,14,N14667,ontime
1730,CO,1745,EWR,199,14-01-2004,814,DCA,0,3,14,N39343,delayed
840,DH,848,EWR,213,14-01-2004,7299,IAD,0,3,14,N658BR,ontime
1710,DH,1703,EWR,213,14-01-2004,7302,IAD,0,3,14,N693BR,ontime
1245,DH,1245,EWR,213,14-01-2004,7303,IAD,0,3,14,N693BR,ontime
2120,DH,2330,EWR,213,14-01-2004,7304,IAD,0,3,14,N629BR,delayed
630,DH,629,EWR,213,14-01-2004,7305,IAD,0,3,14,N301UE,ontime
1430,DH,1502,EWR,213,14-01-2004,7307,IAD,0,3,14,N324UE,delayed
700,RU,656,EWR,213,14-01-2004,2855,IAD,0,3,14,N13949,ontime
1700,RU,1703,EWR,213,14-01-2004,2497,IAD,0,3,14,N15555,ontime
900,RU,856,EWR,199,14-01-2004,2582,DCA,0,3,14,N13995,ontime
1359,RU,1355,EWR,199,14-01-2004,2216,DCA,0,3,14,N12921,ontime
645,RU,643,EWR,199,14-01-2004,2761,DCA,0,3,14,N14148,ontime
1500,RU,1456,EWR,213,14-01-2004,2156,IAD,0,3,14,N34111,ontime
1630,RU,1625,EWR,199,14-01-2004,2181,DCA,0,3,14,N17560,ontime
1900,RU,1858,EWR,213,14-01-2004,2385,IAD,0,3,14,N34111,ontime
1300,RU,1255,EWR,213,14-01-2004,2367,IAD,0,3,14,N17560,ontime
1525,RU,1524,EWR,199,14-01-2004,2261,DCA,0,3,14,N13964,ontime
2100,RU,2100,EWR,199,14-01-2004,2879,DCA,0,3,14,N16911,ontime
1455,OH,1455,JFK,184,15-01-2004,5935,BWI,0,4,15,N812CA,ontime
1640,DH,1637,JFK,213,15-01-2004,6155,DCA,0,4,15,N419FJ,ontime
1245,DH,1310,LGA,229,15-01-2004,7208,IAD,0,4,15,N683BR,ontime
1455,DH,1545,LGA,229,15-01-2004,7211,IAD,0,4,15,N671BR,delayed
2120,DH,2133,LGA,229,15-01-2004,7684,IAD,0,4,15,N686BR,delayed
840,DH,858,JFK,228,15-01-2004,7800,IAD,0,4,15,N673BR,ontime
1240,DH,1236,JFK,228,15-01-2004,7806,IAD,0,4,15,N333UE,ontime
1455,DH,1502,JFK,228,15-01-2004,7808,IAD,0,4,15,N311UE,ontime
1645,DH,1644,JFK,228,15-01-2004,7810,IAD,0,4,15,N313UE,ontime
1715,DH,1714,JFK,228,15-01-2004,7812,IAD,0,4,15,N316UE,ontime
2120,DH,2138,JFK,228,15-01-2004,7814,IAD,0,4,15,N680BR,ontime
1610,DH,1605,JFK,228,15-01-2004,7816,IAD,0,4,15,N328UE,ontime
1455,DL,1501,JFK,213,15-01-2004,746,DCA,0,4,15,N963DL,ontime
630,DL,630,LGA,214,15-01-2004,1740,DCA,0,4,15,N223DZ,ontime
730,DL,729,LGA,214,15-01-2004,1742,DCA,0,4,15,N221DL,delayed
930,DL,943,LGA,214,15-01-2004,1746,DCA,0,4,15,N224DA,ontime
1130,DL,1130,LGA,214,15-01-2004,1750,DCA,0,4,15,N221DL,ontime
1330,DL,1330,LGA,214,15-01-2004,1754,DCA,0,4,15,N224DA,ontime
1430,DL,1428,LGA,214,15-01-2004,1756,DCA,0,4,15,N231DN,ontime
1530,DL,1530,LGA,214,15-01-2004,1758,DCA,0,4,15,N221DL,ontime
1630,DL,1630,LGA,214,15-01-2004,1760,DCA,0,4,15,N225DL,ontime
1730,DL,1736,LGA,214,15-01-2004,1762,DCA,0,4,15,N224DA,ontime
1830,DL,1831,LGA,214,15-01-2004,1764,DCA,0,4,15,N241DL,ontime
1930,DL,1928,LGA,214,15-01-2004,1766,DCA,0,4,15,N221DL,delayed
2030,DL,2029,LGA,214,15-01-2004,1768,DCA,0,4,15,N225DL,delayed
1530,MQ,1523,JFK,213,15-01-2004,4752,DCA,0,4,15,N727MQ,ontime
600,MQ,553,JFK,213,15-01-2004,4760,DCA,0,4,15,N728MQ,ontime
1830,MQ,1834,JFK,213,15-01-2004,4784,DCA,0,4,15,N738MQ,ontime
800,MQ,800,LGA,214,15-01-2004,4954,DCA,0,4,15,N738MQ,delayed
1100,MQ,1050,LGA,214,15-01-2004,4960,DCA,0,4,15,N739MQ,ontime
1300,MQ,1341,LGA,214,15-01-2004,4964,DCA,0,4,15,N703MQ,delayed
1400,MQ,1400,LGA,214,15-01-2004,4966,DCA,0,4,15,N715MQ,ontime
1500,MQ,1519,LGA,214,15-01-2004,4968,DCA,0,4,15,N738MQ,ontime
1600,MQ,1643,LGA,214,15-01-2004,4970,DCA,0,4,15,N838MQ,delayed
1700,MQ,1758,LGA,214,15-01-2004,4972,DCA,0,4,15,N726MQ,delayed
1900,MQ,2012,LGA,214,15-01-2004,4976,DCA,0,4,15,N721MQ,delayed
850,UA,955,LGA,229,15-01-2004,846,IAD,0,4,15,N555UA,delayed
630,US,627,LGA,214,15-01-2004,1479,DCA,0,4,15,N767UW,delayed
800,US,815,LGA,214,15-01-2004,2162,DCA,0,4,15,N748UW,ontime
900,US,1019,LGA,214,15-01-2004,2164,DCA,0,4,15,N757UW,delayed
1100,US,1058,LGA,214,15-01-2004,2168,DCA,0,4,15,N700UW,ontime
1200,US,1158,LGA,214,15-01-2004,2170,DCA,0,4,15,N748UW,ontime
1400,US,1358,LGA,214,15-01-2004,2174,DCA,0,4,15,N715UW,ontime
1500,US,1458,LGA,214,15-01-2004,2176,DCA,0,4,15,N700UW,ontime
1600,US,1559,LGA,214,15-01-2004,2178,DCA,0,4,15,N748UW,ontime
1700,US,1701,LGA,214,15-01-2004,2180,DCA,0,4,15,N757UW,ontime
1800,US,1759,LGA,214,15-01-2004,2182,DCA,0,4,15,N715UW,ontime
1900,US,1858,LGA,214,15-01-2004,2184,DCA,0,4,15,N700UW,delayed
2100,US,2056,LGA,214,15-01-2004,2188,DCA,0,4,15,N757UW,delayed
1455,RU,1450,EWR,169,15-01-2004,2403,BWI,0,4,15,N12934,ontime
1030,RU,1027,EWR,169,15-01-2004,2303,BWI,0,4,15,N11551,delayed
1720,RU,1811,EWR,169,15-01-2004,3372,BWI,0,4,15,N17560,delayed
735,CO,815,EWR,199,15-01-2004,806,DCA,0,4,15,N23657,delayed
1900,CO,1951,EWR,199,15-01-2004,816,DCA,0,4,15,N11641,delayed
1300,CO,1256,EWR,199,15-01-2004,808,DCA,0,4,15,N17614,ontime
840,DH,835,EWR,213,15-01-2004,7299,IAD,0,4,15,N675BR,ontime
1245,DH,1237,EWR,213,15-01-2004,7303,IAD,0,4,15,N677BR,ontime
2120,DH,2116,EWR,213,15-01-2004,7304,IAD,0,4,15,N709BR,ontime
630,DH,623,EWR,213,15-01-2004,7305,IAD,0,4,15,N332UE,ontime
645,RU,643,EWR,199,15-01-2004,2761,DCA,0,4,15,N16951,ontime
1900,RU,1952,EWR,213,15-01-2004,2385,IAD,0,4,15,N11150,delayed
700,RU,654,EWR,213,15-01-2004,2855,IAD,0,4,15,N23139,delayed
1300,RU,1345,EWR,213,15-01-2004,2692,IAD,0,4,15,N27512,delayed
1630,RU,1646,EWR,199,15-01-2004,2181,DCA,0,4,15,N15973,ontime
1525,RU,1525,EWR,199,15-01-2004,2261,DCA,0,4,15,N14942,ontime
1500,RU,1504,EWR,213,15-01-2004,2156,IAD,0,4,15,N11127,ontime
2100,RU,2140,EWR,199,15-01-2004,2879,DCA,0,4,15,N13994,delayed
900,RU,956,EWR,199,15-01-2004,2582,DCA,0,4,15,N15555,delayed
1359,RU,1359,EWR,199,15-01-2004,2216,DCA,0,4,15,N11551,ontime
1455,OH,1455,JFK,184,16-01-2004,5935,BWI,0,5,16,N924CA,ontime
1640,DH,1648,JFK,213,16-01-2004,6155,DCA,0,5,16,N423FJ,ontime
1455,DH,1545,LGA,229,16-01-2004,7211,IAD,0,5,16,N636BR,delayed
1715,DH,1952,LGA,229,16-01-2004,7215,IAD,0,5,16,N636BR,delayed
2120,DH,2117,LGA,229,16-01-2004,7684,IAD,0,5,16,N694BR,ontime
640,DH,640,LGA,229,16-01-2004,7790,IAD,0,5,16,N659BR,ontime
840,DH,840,JFK,228,16-01-2004,7800,IAD,0,5,16,N684BR,ontime
1240,DH,1246,JFK,228,16-01-2004,7806,IAD,0,5,16,N662BR,ontime
1455,DH,1454,JFK,228,16-01-2004,7808,IAD,0,5,16,N307UE,ontime
1645,DH,1653,JFK,228,16-01-2004,7810,IAD,0,5,16,N311UE,ontime
1715,DH,1709,JFK,228,16-01-2004,7812,IAD,0,5,16,N312UE,ontime
2120,DH,2127,JFK,228,16-01-2004,7814,IAD,0,5,16,N624BR,ontime
1610,DH,1607,JFK,228,16-01-2004,7816,IAD,0,5,16,N308UE,ontime
1455,DL,1500,JFK,213,16-01-2004,746,DCA,0,5,16,N902DE,delayed
630,DL,630,LGA,214,16-01-2004,1740,DCA,0,5,16,N241DL,ontime
730,DL,739,LGA,214,16-01-2004,1742,DCA,0,5,16,N224DA,ontime
830,DL,829,LGA,214,16-01-2004,1744,DCA,0,5,16,N225DL,delayed
930,DL,929,LGA,214,16-01-2004,1746,DCA,0,5,16,N221DL,ontime
1030,DL,1040,LGA,214,16-01-2004,1748,DCA,0,5,16,N232DZ,delayed
1130,DL,1129,LGA,214,16-01-2004,1750,DCA,0,5,16,N224DA,ontime
1230,DL,1228,LGA,214,16-01-2004,1752,DCA,0,5,16,N225DL,ontime
1330,DL,1331,LGA,214,16-01-2004,1754,DCA,0,5,16,N221DL,ontime
1430,DL,1429,LGA,214,16-01-2004,1756,DCA,0,5,16,N232DZ,ontime
1530,DL,1532,LGA,214,16-01-2004,1758,DCA,0,5,16,N224DA,ontime
1630,DL,1630,LGA,214,16-01-2004,1760,DCA,0,5,16,N225DL,ontime
1730,DL,1728,LGA,214,16-01-2004,1762,DCA,0,5,16,N221DL,ontime
1830,DL,1830,LGA,214,16-01-2004,1764,DCA,0,5,16,N232DZ,ontime
1930,DL,1931,LGA,214,16-01-2004,1766,DCA,0,5,16,N224DA,ontime
2030,DL,2028,LGA,214,16-01-2004,1768,DCA,0,5,16,N225DL,ontime
1530,MQ,1522,JFK,213,16-01-2004,4752,DCA,0,5,16,N720MQ,ontime
600,MQ,553,JFK,213,16-01-2004,4760,DCA,0,5,16,N710MQ,ontime
1830,MQ,2019,JFK,213,16-01-2004,4784,DCA,0,5,16,N721MQ,delayed
800,MQ,747,LGA,214,16-01-2004,4954,DCA,0,5,16,N805MQ,delayed
900,MQ,856,LGA,214,16-01-2004,4956,DCA,0,5,16,N707MQ,delayed
1100,MQ,1217,LGA,214,16-01-2004,4960,DCA,0,5,16,N737MQ,delayed
1300,MQ,1315,LGA,214,16-01-2004,4964,DCA,0,5,16,N732MQ,delayed
1400,MQ,1429,LGA,214,16-01-2004,4966,DCA,0,5,16,N736MQ,delayed
1600,MQ,1705,LGA,214,16-01-2004,4970,DCA,0,5,16,N704MQ,delayed
1700,MQ,1729,LGA,214,16-01-2004,4972,DCA,0,5,16,N727MQ,delayed
1900,MQ,2006,LGA,214,16-01-2004,4976,DCA,0,5,16,N737MQ,delayed
850,UA,955,LGA,229,16-01-2004,846,IAD,0,5,16,N513UA,delayed
630,US,628,LGA,214,16-01-2004,1479,DCA,0,5,16,N724UW,ontime
700,US,657,LGA,214,16-01-2004,2160,DCA,0,5,16,N723UW,ontime
800,US,756,LGA,214,16-01-2004,2162,DCA,0,5,16,N745UW,ontime
900,US,859,LGA,214,16-01-2004,2164,DCA,0,5,16,N748UW,delayed
1000,US,958,LGA,214,16-01-2004,2166,DCA,0,5,16,N716UW,ontime
1100,US,1059,LGA,214,16-01-2004,2168,DCA,0,5,16,N723UW,ontime
1200,US,1151,LGA,214,16-01-2004,2170,DCA,0,5,16,N745UW,ontime
1300,US,1258,LGA,214,16-01-2004,2172,DCA,0,5,16,N748UW,ontime
1400,US,1356,LGA,214,16-01-2004,2174,DCA,0,5,16,N716UW,ontime
1500,US,1457,LGA,214,16-01-2004,2176,DCA,0,5,16,N723UW,ontime
1600,US,1558,LGA,214,16-01-2004,2178,DCA,0,5,16,N745UW,ontime
1700,US,1658,LGA,214,16-01-2004,2180,DCA,0,5,16,N748UW,ontime
1800,US,1758,LGA,214,16-01-2004,2182,DCA,0,5,16,N716UW,ontime
1900,US,1900,LGA,214,16-01-2004,2184,DCA,0,5,16,N723UW,delayed
2000,US,2000,LGA,214,16-01-2004,2186,DCA,0,5,16,N745UW,ontime
2100,US,2057,LGA,214,16-01-2004,2188,DCA,0,5,16,N748UW,ontime
1720,RU,1849,EWR,169,16-01-2004,3372,BWI,0,5,16,N15973,delayed
1030,RU,1053,EWR,169,16-01-2004,2303,BWI,0,5,16,N13913,delayed
1455,RU,1600,EWR,169,16-01-2004,2403,BWI,0,5,16,N13914,delayed
700,RU,654,EWR,169,16-01-2004,2703,BWI,0,5,16,N13553,ontime
1300,CO,1423,EWR,199,16-01-2004,808,DCA,0,5,16,N14645,delayed
1730,CO,1912,EWR,199,16-01-2004,814,DCA,0,5,16,N12319,delayed
735,CO,729,EWR,199,16-01-2004,806,DCA,0,5,16,N16648,ontime
840,DH,834,EWR,213,16-01-2004,7299,IAD,0,5,16,N694BR,ontime
1710,DH,1711,EWR,213,16-01-2004,7302,IAD,0,5,16,N625BR,ontime
1245,DH,1249,EWR,213,16-01-2004,7303,IAD,0,5,16,N625BR,ontime
2120,DH,2120,EWR,213,16-01-2004,7304,IAD,0,5,16,N695BR,ontime
630,DH,700,EWR,213,16-01-2004,7305,IAD,0,5,16,N312UE,delayed
1500,RU,1602,EWR,213,16-01-2004,2156,IAD,0,5,16,N26141,delayed
645,RU,643,EWR,199,16-01-2004,2761,DCA,0,5,16,N13997,ontime
1525,RU,1622,EWR,199,16-01-2004,2261,DCA,0,5,16,N14950,delayed
1359,RU,1549,EWR,199,16-01-2004,2216,DCA,0,5,16,N13997,delayed
1630,RU,1753,EWR,199,16-01-2004,2181,DCA,0,5,16,N16951,delayed
1300,RU,1421,EWR,213,16-01-2004,2692,IAD,0,5,16,N16511,delayed
900,RU,859,EWR,199,16-01-2004,2582,DCA,0,5,16,N15572,ontime
1900,RU,2045,EWR,213,16-01-2004,2385,IAD,0,5,16,N16510,delayed
700,RU,657,EWR,213,16-01-2004,2855,IAD,0,5,16,N14972,ontime
2100,RU,2050,EWR,199,16-01-2004,2879,DCA,0,5,16,N15910,ontime
1700,RU,1827,EWR,213,16-01-2004,2497,IAD,0,5,16,N26549,delayed
1455,OH,1455,JFK,184,17-01-2004,5935,BWI,0,6,17,N435CA,ontime
1640,DH,1637,JFK,213,17-01-2004,6155,DCA,0,6,17,N409FJ,ontime
1245,DH,1244,LGA,229,17-01-2004,7208,IAD,0,6,17,N627BR,ontime
1715,DH,1714,LGA,229,17-01-2004,7215,IAD,0,6,17,N675BR,ontime
2120,DH,2230,LGA,229,17-01-2004,7684,IAD,0,6,17,N686BR,delayed
840,DH,853,JFK,228,17-01-2004,7800,IAD,0,6,17,N694BR,ontime
1240,DH,1236,JFK,228,17-01-2004,7806,IAD,0,6,17,N660BR,ontime
1645,DH,1641,JFK,228,17-01-2004,7810,IAD,0,6,17,N311UE,ontime
1715,DH,1720,JFK,228,17-01-2004,7812,IAD,0,6,17,N313UE,delayed
2120,DH,2136,JFK,228,17-01-2004,7814,IAD,0,6,17,N706BR,delayed
1800,DH,1808,JFK,228,17-01-2004,7818,IAD,0,6,17,N324UE,delayed
1455,DL,1509,JFK,213,17-01-2004,746,DCA,0,6,17,N909DL,delayed
730,DL,727,LGA,214,17-01-2004,1742,DCA,0,6,17,N232DZ,ontime
830,DL,828,LGA,214,17-01-2004,1744,DCA,0,6,17,N221DL,ontime
1030,DL,1028,LGA,214,17-01-2004,1748,DCA,0,6,17,N223DZ,ontime
1430,DL,1430,LGA,214,17-01-2004,1756,DCA,0,6,17,N223DZ,ontime
1630,DL,1708,LGA,214,17-01-2004,1760,DCA,0,6,17,N232DZ,delayed
1830,DL,1829,LGA,214,17-01-2004,1764,DCA,0,6,17,N223DZ,ontime
2030,DL,2026,LGA,214,17-01-2004,1768,DCA,0,6,17,N224DA,ontime
1530,MQ,1529,JFK,213,17-01-2004,4752,DCA,0,6,17,N716MQ,ontime
600,MQ,554,JFK,213,17-01-2004,4760,DCA,0,6,17,N729MQ,ontime
1830,MQ,1827,JFK,213,17-01-2004,4784,DCA,0,6,17,N721MQ,ontime
900,MQ,855,LGA,214,17-01-2004,4956,DCA,0,6,17,N805MQ,ontime
1300,MQ,1247,LGA,214,17-01-2004,4964,DCA,0,6,17,N727MQ,ontime
850,UA,849,LGA,229,17-01-2004,846,IAD,0,6,17,N507UA,ontime
700,US,654,LGA,214,17-01-2004,2160,DCA,0,6,17,N736UW,ontime
900,US,859,LGA,214,17-01-2004,2164,DCA,0,6,17,N748UW,ontime
1100,US,1100,LGA,214,17-01-2004,2168,DCA,0,6,17,N736UW,ontime
1300,US,1259,LGA,214,17-01-2004,2172,DCA,0,6,17,N748UW,ontime
1500,US,1456,LGA,214,17-01-2004,2176,DCA,0,6,17,N736UW,ontime
1700,US,1658,LGA,214,17-01-2004,2180,DCA,0,6,17,N748UW,ontime
1900,US,1854,LGA,214,17-01-2004,2184,DCA,0,6,17,N736UW,ontime
1720,RU,1717,EWR,169,17-01-2004,3372,BWI,0,6,17,N15926,ontime
1455,RU,1445,EWR,169,17-01-2004,2229,BWI,0,6,17,N14933,ontime
1030,RU,1028,EWR,169,17-01-2004,2303,BWI,0,6,17,N14942,ontime
700,RU,658,EWR,169,17-01-2004,2703,BWI,0,6,17,N14991,ontime
1300,CO,1258,EWR,199,17-01-2004,808,DCA,0,6,17,N37615,ontime
840,DH,835,EWR,213,17-01-2004,7299,IAD,0,6,17,N696BR,ontime
1710,DH,1700,EWR,213,17-01-2004,7302,IAD,0,6,17,N652BR,ontime
1245,DH,1240,EWR,213,17-01-2004,7303,IAD,0,6,17,N652BR,ontime
2120,DH,2119,EWR,213,17-01-2004,7304,IAD,0,6,17,N652BR,delayed
700,RU,658,EWR,213,17-01-2004,2855,IAD,0,6,17,N29906,ontime
1600,RU,1601,EWR,199,17-01-2004,2361,DCA,0,6,17,N16987,ontime
1730,RU,1727,EWR,199,17-01-2004,2097,DCA,0,6,17,N14562,ontime
1359,RU,1351,EWR,199,17-01-2004,2216,DCA,0,6,17,N14950,ontime
1500,RU,1457,EWR,213,17-01-2004,2156,IAD,0,6,17,N24103,ontime
930,RU,924,EWR,199,17-01-2004,2582,DCA,0,6,17,N26549,ontime
1700,RU,1655,EWR,213,17-01-2004,2497,IAD,0,6,17,N21144,ontime
645,RU,641,EWR,199,17-01-2004,2761,DCA,0,6,17,N21537,ontime
1455,OH,1455,JFK,184,18-01-2004,5935,BWI,0,7,18,N712CA,ontime
1640,DH,1659,JFK,213,18-01-2004,6155,DCA,0,7,18,N404FJ,delayed
1245,DH,1302,LGA,229,18-01-2004,7208,IAD,0,7,18,N675BR,ontime
1455,DH,1526,LGA,229,18-01-2004,7211,IAD,0,7,18,N661BR,delayed
1715,DH,1802,LGA,229,18-01-2004,7215,IAD,0,7,18,N647BR,delayed
2120,DH,2110,LGA,229,18-01-2004,7684,IAD,0,7,18,N632BR,ontime
840,DH,833,JFK,228,18-01-2004,7800,IAD,0,7,18,N686BR,ontime
1240,DH,1249,JFK,228,18-01-2004,7806,IAD,0,7,18,N663BR,ontime
1455,DH,1539,JFK,228,18-01-2004,7808,IAD,0,7,18,N308UE,delayed
1645,DH,1646,JFK,228,18-01-2004,7810,IAD,0,7,18,N315UE,ontime
1715,DH,1709,JFK,228,18-01-2004,7812,IAD,0,7,18,N333UE,delayed
2120,DH,2111,JFK,228,18-01-2004,7814,IAD,0,7,18,N678BR,ontime
1610,DH,1706,JFK,228,18-01-2004,7816,IAD,0,7,18,N332UE,delayed
1455,DL,1555,JFK,213,18-01-2004,746,DCA,0,7,18,N928DL,delayed
830,DL,830,LGA,214,18-01-2004,1744,DCA,0,7,18,N223DZ,ontime
1030,DL,1029,LGA,214,18-01-2004,1748,DCA,0,7,18,N242DL,ontime
1230,DL,1230,LGA,214,18-01-2004,1752,DCA,0,7,18,N223DZ,delayed
1430,DL,1430,LGA,214,18-01-2004,1756,DCA,0,7,18,N242DL,ontime
1630,DL,1632,LGA,214,18-01-2004,1760,DCA,0,7,18,N223DZ,ontime
1830,DL,1843,LGA,214,18-01-2004,1764,DCA,0,7,18,N242DL,delayed
2030,DL,2029,LGA,214,18-01-2004,1768,DCA,0,7,18,N223DZ,ontime
1530,MQ,1549,JFK,213,18-01-2004,4752,DCA,0,7,18,N712MQ,delayed
600,MQ,552,JFK,213,18-01-2004,4760,DCA,0,7,18,N731MQ,delayed
925,MQ,919,JFK,213,18-01-2004,4771,DCA,0,7,18,N719MQ,ontime
1830,MQ,2023,JFK,213,18-01-2004,4784,DCA,0,7,18,N737MQ,delayed
1300,MQ,1330,LGA,214,18-01-2004,4964,DCA,0,7,18,N719MQ,delayed
1500,MQ,1540,LGA,214,18-01-2004,4968,DCA,0,7,18,N703MQ,delayed
1700,MQ,1818,LGA,214,18-01-2004,4972,DCA,0,7,18,N725MQ,delayed
1900,MQ,2004,LGA,214,18-01-2004,4976,DCA,0,7,18,N732MQ,delayed
850,UA,848,LGA,229,18-01-2004,846,IAD,0,7,18,N579UA,ontime
900,US,858,LGA,214,18-01-2004,2164,DCA,0,7,18,N744UW,ontime
1000,US,954,LGA,214,18-01-2004,2166,DCA,0,7,18,N763UW,ontime
1100,US,1102,LGA,214,18-01-2004,2168,DCA,0,7,18,N755UW,ontime
1200,US,1159,LGA,214,18-01-2004,2170,DCA,0,7,18,N736UW,ontime
1300,US,1257,LGA,214,18-01-2004,2172,DCA,0,7,18,N744UW,delayed
1400,US,1356,LGA,214,18-01-2004,2174,DCA,0,7,18,N763UW,ontime
1600,US,1555,LGA,214,18-01-2004,2178,DCA,0,7,18,N736UW,delayed
1800,US,1757,LGA,214,18-01-2004,2182,DCA,0,7,18,N763UW,ontime
1900,US,1855,LGA,214,18-01-2004,2184,DCA,0,7,18,N755UW,ontime
2000,US,1957,LGA,214,18-01-2004,2186,DCA,0,7,18,N736UW,ontime
2100,US,2055,LGA,214,18-01-2004,2188,DCA,0,7,18,N744UW,ontime
1030,RU,1057,EWR,169,18-01-2004,2303,BWI,1,7,18,N17984,delayed
1315,RU,1314,EWR,169,18-01-2004,2703,BWI,0,7,18,N15980,delayed
1455,RU,1528,EWR,169,18-01-2004,2403,BWI,0,7,18,N16501,delayed
1300,CO,1258,EWR,199,18-01-2004,1767,DCA,0,7,18,N14629,ontime
1630,CO,1754,EWR,199,18-01-2004,810,DCA,0,7,18,N37615,delayed
1900,CO,1959,EWR,199,18-01-2004,816,DCA,0,7,18,N16650,delayed
840,DH,834,EWR,213,18-01-2004,7299,IAD,0,7,18,N650BR,ontime
1710,DH,1900,EWR,213,18-01-2004,7302,IAD,0,7,18,N626BR,delayed
1245,DH,1246,EWR,213,18-01-2004,7303,IAD,0,7,18,N640BR,delayed
2120,DH,2117,EWR,213,18-01-2004,7304,IAD,0,7,18,N701BR,ontime
1500,RU,1630,EWR,213,18-01-2004,2156,IAD,0,7,18,N13124,delayed
1359,RU,1622,EWR,199,18-01-2004,2216,DCA,0,7,18,N14558,delayed
845,RU,841,EWR,213,18-01-2004,2254,IAD,0,7,18,N13929,ontime
930,RU,925,EWR,199,18-01-2004,2582,DCA,0,7,18,N27962,ontime
1455,OH,1455,JFK,184,19-01-2004,5935,BWI,0,1,19,N975CA,ontime
1640,DH,1636,JFK,213,19-01-2004,6155,DCA,0,1,19,N415FJ,ontime
1245,DH,1303,LGA,229,19-01-2004,7208,IAD,0,1,19,N647BR,ontime
1455,DH,1445,LGA,229,19-01-2004,7211,IAD,0,1,19,N671BR,ontime
1715,DH,1709,LGA,229,19-01-2004,7215,IAD,0,1,19,N648BR,ontime
2120,DH,10,LGA,229,19-01-2004,7684,IAD,0,1,19,N627BR,delayed
640,DH,847,LGA,229,19-01-2004,7790,IAD,0,1,19,N626BR,delayed
1040,DH,1035,LGA,229,19-01-2004,7792,IAD,0,1,19,N671BR,ontime
840,DH,833,JFK,228,19-01-2004,7800,IAD,0,1,19,N632BR,ontime
1240,DH,1237,JFK,228,19-01-2004,7806,IAD,0,1,19,N691BR,ontime
1455,DH,1454,JFK,228,19-01-2004,7808,IAD,0,1,19,N333UE,ontime
1645,DH,1641,JFK,228,19-01-2004,7810,IAD,0,1,19,N327UE,ontime
1715,DH,1710,JFK,228,19-01-2004,7812,IAD,0,1,19,N331UE,ontime
2120,DH,2121,JFK,228,19-01-2004,7814,IAD,0,1,19,N625BR,ontime
1610,DH,1603,JFK,228,19-01-2004,7816,IAD,0,1,19,N328UE,ontime
1455,DL,1506,JFK,213,19-01-2004,746,DCA,0,1,19,N910DL,delayed
730,DL,731,LGA,214,19-01-2004,1742,DCA,0,1,19,N242DL,ontime
830,DL,842,LGA,214,19-01-2004,1744,DCA,0,1,19,N223DZ,ontime
1030,DL,1029,LGA,214,19-01-2004,1748,DCA,0,1,19,N231DN,ontime
1230,DL,1231,LGA,214,19-01-2004,1752,DCA,0,1,19,N223DZ,ontime
1430,DL,1431,LGA,214,19-01-2004,1756,DCA,0,1,19,N231DN,ontime
1530,DL,1530,LGA,214,19-01-2004,1758,DCA,0,1,19,N224DA,ontime
1630,DL,1630,LGA,214,19-01-2004,1760,DCA,0,1,19,N223DZ,ontime
1830,DL,1829,LGA,214,19-01-2004,1764,DCA,0,1,19,N231DN,ontime
1930,DL,1930,LGA,214,19-01-2004,1766,DCA,0,1,19,N224DA,ontime
2030,DL,2029,LGA,214,19-01-2004,1768,DCA,0,1,19,N223DZ,ontime
1530,MQ,1536,JFK,213,19-01-2004,4752,DCA,0,1,19,N718MQ,ontime
600,MQ,553,JFK,213,19-01-2004,4760,DCA,0,1,19,N736MQ,ontime
1830,MQ,1846,JFK,213,19-01-2004,4784,DCA,0,1,19,N723MQ,delayed
700,MQ,758,LGA,214,19-01-2004,4952,DCA,0,1,19,N739MQ,delayed
800,MQ,822,LGA,214,19-01-2004,4954,DCA,0,1,19,N717MQ,delayed
900,MQ,858,LGA,214,19-01-2004,4956,DCA,0,1,19,N718MQ,ontime
1100,MQ,1100,LGA,214,19-01-2004,4960,DCA,0,1,19,N722MQ,ontime
1300,MQ,1253,LGA,214,19-01-2004,4964,DCA,0,1,19,N739MQ,ontime
1400,MQ,1356,LGA,214,19-01-2004,4966,DCA,0,1,19,N719MQ,ontime
1500,MQ,1534,LGA,214,19-01-2004,4968,DCA,0,1,19,N723MQ,delayed
1600,MQ,1559,LGA,214,19-01-2004,4970,DCA,0,1,19,N841MQ,ontime
1700,MQ,1717,LGA,214,19-01-2004,4972,DCA,0,1,19,N728MQ,ontime
1900,MQ,1937,LGA,214,19-01-2004,4976,DCA,0,1,19,N704MQ,delayed
850,UA,846,LGA,229,19-01-2004,846,IAD,0,1,19,N565UA,ontime
630,US,627,LGA,214,19-01-2004,1479,DCA,0,1,19,N753UW,ontime
700,US,656,LGA,214,19-01-2004,2160,DCA,0,1,19,N767UW,ontime
800,US,758,LGA,214,19-01-2004,2162,DCA,0,1,19,N706UW,ontime
900,US,858,LGA,214,19-01-2004,2164,DCA,0,1,19,N711UW,ontime
1000,US,955,LGA,214,19-01-2004,2166,DCA,0,1,19,N736UW,ontime
1100,US,1059,LGA,214,19-01-2004,2168,DCA,0,1,19,N767UW,ontime
1200,US,1157,LGA,214,19-01-2004,2170,DCA,0,1,19,N706UW,ontime
1300,US,1256,LGA,214,19-01-2004,2172,DCA,0,1,19,N711UW,ontime
1400,US,1353,LGA,214,19-01-2004,2174,DCA,0,1,19,N736UW,ontime
1500,US,1456,LGA,214,19-01-2004,2176,DCA,0,1,19,N767UW,ontime
1600,US,1558,LGA,214,19-01-2004,2178,DCA,0,1,19,N706UW,ontime
1700,US,1656,LGA,214,19-01-2004,2180,DCA,0,1,19,N711UW,ontime
1800,US,1755,LGA,214,19-01-2004,2182,DCA,0,1,19,N736UW,ontime
1900,US,1855,LGA,214,19-01-2004,2184,DCA,0,1,19,N767UW,ontime
2000,US,1956,LGA,214,19-01-2004,2186,DCA,0,1,19,N706UW,ontime
2100,US,2057,LGA,214,19-01-2004,2188,DCA,0,1,19,N711UW,ontime
1720,RU,1710,EWR,169,19-01-2004,3372,BWI,0,1,19,N13913,ontime
1030,RU,1028,EWR,169,19-01-2004,2303,BWI,0,1,19,N18557,ontime
700,RU,654,EWR,169,19-01-2004,2703,BWI,0,1,19,N14943,ontime
1455,RU,1451,EWR,169,19-01-2004,2403,BWI,0,1,19,N12934,ontime
1730,CO,1732,EWR,199,19-01-2004,814,DCA,0,1,19,N17321,delayed
1300,CO,1253,EWR,199,19-01-2004,808,DCA,0,1,19,N14639,ontime
735,CO,728,EWR,199,19-01-2004,806,DCA,0,1,19,N16649,ontime
1900,CO,1857,EWR,199,19-01-2004,816,DCA,0,1,19,N17619,ontime
840,DH,832,EWR,213,19-01-2004,7299,IAD,0,1,19,N645BR,ontime
1710,DH,1705,EWR,213,19-01-2004,7302,IAD,0,1,19,N689BR,ontime
1245,DH,1237,EWR,213,19-01-2004,7303,IAD,0,1,19,N710BR,ontime
2120,DH,2300,EWR,213,19-01-2004,7304,IAD,0,1,19,N626BR,delayed
630,DH,627,EWR,213,19-01-2004,7305,IAD,0,1,19,N329UE,ontime
1430,DH,1427,EWR,213,19-01-2004,7307,IAD,0,1,19,N301UE,ontime
1900,RU,2051,EWR,213,19-01-2004,2385,IAD,0,1,19,N16520,delayed
1300,RU,1258,EWR,213,19-01-2004,2692,IAD,0,1,19,N28518,ontime
645,RU,645,EWR,199,19-01-2004,2761,DCA,0,1,19,N13124,ontime
1525,RU,1530,EWR,199,19-01-2004,2261,DCA,0,1,19,N15973,ontime
700,RU,656,EWR,213,19-01-2004,2855,IAD,0,1,19,N15912,ontime
1700,RU,1659,EWR,213,19-01-2004,2497,IAD,0,1,19,N12567,ontime
1500,RU,1455,EWR,213,19-01-2004,2156,IAD,0,1,19,N18120,ontime
1630,RU,1628,EWR,199,19-01-2004,2181,DCA,0,1,19,N12921,ontime
1359,RU,1355,EWR,199,19-01-2004,2216,DCA,0,1,19,N12519,ontime
900,RU,855,EWR,199,19-01-2004,2582,DCA,0,1,19,N48901,ontime
2100,RU,2052,EWR,199,19-01-2004,2879,DCA,0,1,19,N16911,ontime
1455,OH,1500,JFK,184,20-01-2004,5935,BWI,0,2,20,N956CA,ontime
1640,DH,1637,JFK,213,20-01-2004,6155,DCA,0,2,20,N409FJ,ontime
1245,DH,1300,LGA,229,20-01-2004,7208,IAD,0,2,20,N648BR,ontime
1455,DH,1455,LGA,229,20-01-2004,7211,IAD,0,2,20,N646BR,ontime
1715,DH,1725,LGA,229,20-01-2004,7215,IAD,0,2,20,N705BR,ontime
2120,DH,2143,LGA,229,20-01-2004,7684,IAD,0,2,20,N637BR,ontime
640,DH,635,LGA,229,20-01-2004,7790,IAD,0,2,20,N698BR,ontime
1040,DH,1033,LGA,229,20-01-2004,7792,IAD,0,2,20,N646BR,ontime
840,DH,835,JFK,228,20-01-2004,7800,IAD,0,2,20,N627BR,ontime
1240,DH,1351,JFK,228,20-01-2004,7806,IAD,0,2,20,N708BR,delayed
1455,DH,1446,JFK,228,20-01-2004,7808,IAD,0,2,20,N321UE,ontime
1645,DH,1643,JFK,228,20-01-2004,7810,IAD,0,2,20,N308UE,ontime
1715,DH,1706,JFK,228,20-01-2004,7812,IAD,0,2,20,N313UE,ontime
2120,DH,2118,JFK,228,20-01-2004,7814,IAD,0,2,20,N636BR,ontime
1610,DH,1632,JFK,228,20-01-2004,7816,IAD,0,2,20,N331UE,ontime
1455,DL,1514,JFK,213,20-01-2004,746,DCA,0,2,20,N926DL,delayed
630,DL,629,LGA,214,20-01-2004,1740,DCA,0,2,20,N225DL,ontime
730,DL,729,LGA,214,20-01-2004,1742,DCA,0,2,20,N231DN,ontime
830,DL,839,LGA,214,20-01-2004,1744,DCA,0,2,20,N224DA,ontime
930,DL,929,LGA,214,20-01-2004,1746,DCA,0,2,20,N223DZ,ontime
1030,DL,1029,LGA,214,20-01-2004,1748,DCA,0,2,20,N225DL,ontime
1130,DL,1129,LGA,214,20-01-2004,1750,DCA,0,2,20,N231DN,ontime
1230,DL,1227,LGA,214,20-01-2004,1752,DCA,0,2,20,N224DA,ontime
1330,DL,1329,LGA,214,20-01-2004,1754,DCA,0,2,20,N223DZ,ontime
1430,DL,1430,LGA,214,20-01-2004,1756,DCA,0,2,20,N225DL,ontime
1530,DL,1531,LGA,214,20-01-2004,1758,DCA,0,2,20,N231DN,ontime
1630,DL,1717,LGA,214,20-01-2004,1760,DCA,0,2,20,N223DZ,delayed
1730,DL,1731,LGA,214,20-01-2004,1762,DCA,0,2,20,N224DA,ontime
1830,DL,1831,LGA,214,20-01-2004,1764,DCA,0,2,20,N242DL,ontime
1930,DL,1930,LGA,214,20-01-2004,1766,DCA,0,2,20,N231DN,ontime
2030,DL,2029,LGA,214,20-01-2004,1768,DCA,0,2,20,N223DZ,ontime
1530,MQ,1522,JFK,213,20-01-2004,4752,DCA,0,2,20,N805MQ,ontime
600,MQ,548,JFK,213,20-01-2004,4760,DCA,0,2,20,N721MQ,ontime
1830,MQ,1823,JFK,213,20-01-2004,4784,DCA,0,2,20,N721MQ,ontime
700,MQ,653,LGA,214,20-01-2004,4952,DCA,0,2,20,N735MQ,ontime
800,MQ,759,LGA,214,20-01-2004,4954,DCA,0,2,20,N729MQ,ontime
900,MQ,850,LGA,214,20-01-2004,4956,DCA,0,2,20,N712MQ,ontime
1100,MQ,1057,LGA,214,20-01-2004,4960,DCA,0,2,20,N727MQ,ontime
1300,MQ,1255,LGA,214,20-01-2004,4964,DCA,0,2,20,N712MQ,ontime
1400,MQ,1350,LGA,214,20-01-2004,4966,DCA,0,2,20,N701MQ,ontime
1500,MQ,1458,LGA,214,20-01-2004,4968,DCA,0,2,20,N721MQ,ontime
1600,MQ,1551,LGA,214,20-01-2004,4970,DCA,0,2,20,N702MQ,ontime
1900,MQ,2004,LGA,214,20-01-2004,4976,DCA,0,2,20,N713MQ,delayed
850,UA,844,LGA,229,20-01-2004,846,IAD,0,2,20,N556UA,ontime
630,US,626,LGA,214,20-01-2004,1479,DCA,0,2,20,N769UW,ontime
700,US,658,LGA,214,20-01-2004,2160,DCA,0,2,20,N705UW,ontime
800,US,758,LGA,214,20-01-2004,2162,DCA,0,2,20,N744UW,ontime
900,US,859,LGA,214,20-01-2004,2164,DCA,0,2,20,N722UW,ontime
1000,US,957,LGA,214,20-01-2004,2166,DCA,0,2,20,N749UW,ontime
1100,US,1055,LGA,214,20-01-2004,2168,DCA,0,2,20,N705UW,ontime
1200,US,1156,LGA,214,20-01-2004,2170,DCA,0,2,20,N744UW,ontime
1300,US,1258,LGA,214,20-01-2004,2172,DCA,0,2,20,N722UW,ontime
1400,US,1357,LGA,214,20-01-2004,2174,DCA,0,2,20,N749UW,ontime
1500,US,1456,LGA,214,20-01-2004,2176,DCA,0,2,20,N725UW,ontime
1600,US,1554,LGA,214,20-01-2004,2178,DCA,0,2,20,N744UW,ontime
1700,US,1657,LGA,214,20-01-2004,2180,DCA,0,2,20,N722UW,ontime
1800,US,1758,LGA,214,20-01-2004,2182,DCA,0,2,20,N749UW,ontime
1900,US,1858,LGA,214,20-01-2004,2184,DCA,0,2,20,N725UW,ontime
2000,US,1957,LGA,214,20-01-2004,2186,DCA,0,2,20,N744UW,ontime
2100,US,2057,LGA,214,20-01-2004,2188,DCA,0,2,20,N722UW,ontime
1455,RU,1453,EWR,169,20-01-2004,2403,BWI,0,2,20,N15983,ontime
1030,RU,1027,EWR,169,20-01-2004,2303,BWI,0,2,20,N14920,ontime
1720,RU,1723,EWR,169,20-01-2004,3372,BWI,0,2,20,N12921,delayed
700,RU,655,EWR,169,20-01-2004,2703,BWI,0,2,20,N13566,ontime
1900,CO,1856,EWR,199,20-01-2004,816,DCA,0,2,20,N14655,ontime
1730,CO,1723,EWR,199,20-01-2004,814,DCA,0,2,20,N47332,ontime
1300,CO,1250,EWR,199,20-01-2004,808,DCA,0,2,20,N16607,ontime
735,CO,729,EWR,199,20-01-2004,806,DCA,0,2,20,N14628,ontime
840,DH,835,EWR,213,20-01-2004,7299,IAD,0,2,20,N637BR,ontime
1710,DH,1700,EWR,213,20-01-2004,7302,IAD,0,2,20,N638BR,ontime
1245,DH,1236,EWR,213,20-01-2004,7303,IAD,0,2,20,N638BR,ontime
2120,DH,2113,EWR,213,20-01-2004,7304,IAD,0,2,20,N663BR,ontime
630,DH,625,EWR,213,20-01-2004,7305,IAD,0,2,20,N311UE,ontime
1430,DH,1426,EWR,213,20-01-2004,7307,IAD,0,2,20,N332UE,ontime
1630,RU,1624,EWR,199,20-01-2004,2181,DCA,0,2,20,N15555,ontime
2100,RU,2052,EWR,199,20-01-2004,2879,DCA,0,2,20,N14562,ontime
1359,RU,1357,EWR,199,20-01-2004,2216,DCA,0,2,20,N14920,ontime
1700,RU,1650,EWR,213,20-01-2004,2497,IAD,0,2,20,N16951,ontime
645,RU,638,EWR,199,20-01-2004,2761,DCA,0,2,20,N26141,ontime
1900,RU,1855,EWR,213,20-01-2004,2385,IAD,0,2,20,N26141,ontime
900,RU,859,EWR,199,20-01-2004,2582,DCA,0,2,20,N14543,ontime
1300,RU,1255,EWR,213,20-01-2004,2367,IAD,0,2,20,N15555,ontime
1525,RU,1555,EWR,199,20-01-2004,2261,DCA,0,2,20,N11539,delayed
1500,RU,1456,EWR,213,20-01-2004,2156,IAD,0,2,20,N17146,ontime
700,RU,708,EWR,213,20-01-2004,2855,IAD,0,2,20,N28518,delayed
1455,OH,1455,JFK,184,21-01-2004,5935,BWI,0,3,21,N804CA,ontime
1245,DH,1239,LGA,229,21-01-2004,7208,IAD,0,3,21,N705BR,ontime
1455,DH,1448,LGA,229,21-01-2004,7211,IAD,0,3,21,N687BR,ontime
1715,DH,1714,LGA,229,21-01-2004,7215,IAD,0,3,21,N705BR,ontime
2120,DH,2220,LGA,229,21-01-2004,7684,IAD,0,3,21,N698BR,delayed
640,DH,702,LGA,229,21-01-2004,7790,IAD,0,3,21,N688BR,delayed
1040,DH,1032,LGA,229,21-01-2004,7792,IAD,0,3,21,N687BR,ontime
840,DH,836,JFK,228,21-01-2004,7800,IAD,0,3,21,N637BR,ontime
1240,DH,1237,JFK,228,21-01-2004,7806,IAD,0,3,21,N656BR,ontime
1455,DH,1504,JFK,228,21-01-2004,7808,IAD,0,3,21,N301UE,ontime
1645,DH,1639,JFK,228,21-01-2004,7810,IAD,0,3,21,N308UE,ontime
1715,DH,1710,JFK,228,21-01-2004,7812,IAD,0,3,21,N333UE,ontime
2120,DH,2118,JFK,228,21-01-2004,7814,IAD,0,3,21,N688BR,ontime
1610,DH,1603,JFK,228,21-01-2004,7816,IAD,0,3,21,N321UE,ontime
1455,DL,1456,JFK,213,21-01-2004,746,DCA,0,3,21,N938DL,ontime
630,DL,630,LGA,214,21-01-2004,1740,DCA,0,3,21,N242DL,ontime
730,DL,730,LGA,214,21-01-2004,1742,DCA,0,3,21,N224DA,ontime
830,DL,831,LGA,214,21-01-2004,1744,DCA,0,3,21,N231DN,ontime
930,DL,931,LGA,214,21-01-2004,1746,DCA,0,3,21,N221DL,ontime
1030,DL,1031,LGA,214,21-01-2004,1748,DCA,0,3,21,N242DL,ontime
1130,DL,1131,LGA,214,21-01-2004,1750,DCA,0,3,21,N224DA,ontime
1230,DL,1230,LGA,214,21-01-2004,1752,DCA,0,3,21,N3734B,ontime
1330,DL,1332,LGA,214,21-01-2004,1754,DCA,0,3,21,N221DL,ontime
1430,DL,1431,LGA,214,21-01-2004,1756,DCA,0,3,21,N242DL,ontime
1530,DL,1530,LGA,214,21-01-2004,1758,DCA,0,3,21,N231DN,ontime
1630,DL,1632,LGA,214,21-01-2004,1760,DCA,0,3,21,N3734B,delayed
1730,DL,1730,LGA,214,21-01-2004,1762,DCA,0,3,21,N221DL,ontime
1830,DL,1828,LGA,214,21-01-2004,1764,DCA,0,3,21,N242DL,ontime
1930,DL,1928,LGA,214,21-01-2004,1766,DCA,0,3,21,N231DN,ontime
2030,DL,2032,LGA,214,21-01-2004,1768,DCA,0,3,21,N225DL,ontime
1530,MQ,1525,JFK,213,21-01-2004,4752,DCA,0,3,21,N732MQ,ontime
600,MQ,555,JFK,213,21-01-2004,4760,DCA,0,3,21,N709MQ,ontime
1830,MQ,1830,JFK,213,21-01-2004,4784,DCA,0,3,21,N719MQ,ontime
700,MQ,652,LGA,214,21-01-2004,4952,DCA,0,3,21,N704MQ,ontime
800,MQ,753,LGA,214,21-01-2004,4954,DCA,0,3,21,N716MQ,ontime
900,MQ,857,LGA,214,21-01-2004,4956,DCA,0,3,21,N730MQ,ontime
1100,MQ,1050,LGA,214,21-01-2004,4960,DCA,0,3,21,N704MQ,ontime
1300,MQ,1252,LGA,214,21-01-2004,4964,DCA,0,3,21,N716MQ,ontime
1400,MQ,1349,LGA,214,21-01-2004,4966,DCA,0,3,21,N717MQ,ontime
1500,MQ,1452,LGA,214,21-01-2004,4968,DCA,0,3,21,N719MQ,ontime
1600,MQ,1556,LGA,214,21-01-2004,4970,DCA,0,3,21,N720MQ,ontime
1700,MQ,1653,LGA,214,21-01-2004,4972,DCA,0,3,21,N713MQ,ontime
1900,MQ,1853,LGA,214,21-01-2004,4976,DCA,0,3,21,N723MQ,ontime
850,UA,846,LGA,229,21-01-2004,846,IAD,0,3,21,N563UA,ontime
630,US,627,LGA,214,21-01-2004,1479,DCA,0,3,21,N730UW,ontime
700,US,659,LGA,214,21-01-2004,2160,DCA,0,3,21,N713UW,ontime
800,US,759,LGA,214,21-01-2004,2162,DCA,0,3,21,N741UW,ontime
900,US,855,LGA,214,21-01-2004,2164,DCA,0,3,21,N766UW,ontime
1000,US,956,LGA,214,21-01-2004,2166,DCA,0,3,21,N722UW,ontime
1100,US,1056,LGA,214,21-01-2004,2168,DCA,0,3,21,N713UW,ontime
1200,US,1155,LGA,214,21-01-2004,2170,DCA,0,3,21,N741UW,ontime
1300,US,1255,LGA,214,21-01-2004,2172,DCA,0,3,21,N766UW,ontime
1400,US,1357,LGA,214,21-01-2004,2174,DCA,0,3,21,N722UW,ontime
1500,US,1456,LGA,214,21-01-2004,2176,DCA,0,3,21,N713UW,ontime
1600,US,1558,LGA,214,21-01-2004,2178,DCA,0,3,21,N741UW,ontime
1700,US,1658,LGA,214,21-01-2004,2180,DCA,0,3,21,N744UW,ontime
1800,US,1803,LGA,214,21-01-2004,2182,DCA,0,3,21,N722UW,ontime
1900,US,1859,LGA,214,21-01-2004,2184,DCA,0,3,21,N713UW,ontime
2000,US,1956,LGA,214,21-01-2004,2186,DCA,0,3,21,N741UW,ontime
2100,US,2058,LGA,214,21-01-2004,2188,DCA,0,3,21,N716UW,ontime
700,RU,658,EWR,169,21-01-2004,2703,BWI,0,3,21,N14902,ontime
1455,RU,1452,EWR,169,21-01-2004,2403,BWI,0,3,21,N14950,ontime
1720,RU,1726,EWR,169,21-01-2004,3372,BWI,0,3,21,N14568,delayed
1030,RU,1028,EWR,169,21-01-2004,2303,BWI,0,3,21,N12946,ontime
1730,CO,1727,EWR,199,21-01-2004,814,DCA,0,3,21,N12327,delayed
1900,CO,1858,EWR,199,21-01-2004,816,DCA,0,3,21,N14601,ontime
1300,CO,1256,EWR,199,21-01-2004,808,DCA,0,3,21,N16646,ontime
735,CO,728,EWR,199,21-01-2004,806,DCA,0,3,21,N62631,ontime
840,DH,859,EWR,213,21-01-2004,7299,IAD,0,3,21,N311UE,ontime
1710,DH,1702,EWR,213,21-01-2004,7302,IAD,0,3,21,N694BR,delayed
1245,DH,1235,EWR,213,21-01-2004,7303,IAD,0,3,21,N694BR,ontime
2120,DH,2145,EWR,213,21-01-2004,7304,IAD,0,3,21,N709BR,ontime
630,DH,627,EWR,213,21-01-2004,7305,IAD,0,3,21,N332UE,ontime
1430,DH,1424,EWR,213,21-01-2004,7307,IAD,0,3,21,N332UE,ontime
645,RU,643,EWR,199,21-01-2004,2761,DCA,0,3,21,N18102,ontime
1500,RU,1455,EWR,213,21-01-2004,2156,IAD,0,3,21,N16147,delayed
2100,RU,2054,EWR,199,21-01-2004,2879,DCA,0,3,21,N13969,ontime
1630,RU,1648,EWR,199,21-01-2004,2181,DCA,0,3,21,N36915,delayed
1900,RU,1857,EWR,213,21-01-2004,2385,IAD,0,3,21,N26141,ontime
1525,RU,1520,EWR,199,21-01-2004,2261,DCA,0,3,21,N14974,delayed
700,RU,659,EWR,213,21-01-2004,2855,IAD,0,3,21,N18556,ontime
1359,RU,1356,EWR,199,21-01-2004,2216,DCA,0,3,21,N12946,ontime
1700,RU,1654,EWR,213,21-01-2004,2497,IAD,0,3,21,N13903,ontime
1300,RU,1251,EWR,213,21-01-2004,2367,IAD,0,3,21,N36915,ontime
900,RU,858,EWR,199,21-01-2004,2582,DCA,0,3,21,N16951,ontime
1455,OH,1540,JFK,184,22-01-2004,5935,BWI,0,4,22,N949CA,delayed
1640,DH,1641,JFK,213,22-01-2004,6155,DCA,0,4,22,N415FJ,ontime
1245,DH,1324,LGA,229,22-01-2004,7208,IAD,0,4,22,N705BR,delayed
1455,DH,1540,LGA,229,22-01-2004,7211,IAD,0,4,22,N624BR,delayed
1715,DH,1715,LGA,229,22-01-2004,7215,IAD,0,4,22,N653BR,ontime
2120,DH,2114,LGA,229,22-01-2004,7684,IAD,0,4,22,N692BR,ontime
640,DH,642,LGA,229,22-01-2004,7790,IAD,0,4,22,N675BR,ontime
1040,DH,1034,LGA,229,22-01-2004,7792,IAD,0,4,22,N623BR,ontime
840,DH,830,JFK,228,22-01-2004,7800,IAD,0,4,22,N698BR,ontime
1240,DH,1237,JFK,228,22-01-2004,7806,IAD,0,4,22,N631BR,ontime
1455,DH,1455,JFK,228,22-01-2004,7808,IAD,0,4,22,N320UE,ontime
1645,DH,1642,JFK,228,22-01-2004,7810,IAD,0,4,22,N309UE,ontime
1715,DH,1707,JFK,228,22-01-2004,7812,IAD,0,4,22,N301UE,ontime
2120,DH,2116,JFK,228,22-01-2004,7814,IAD,0,4,22,N657BR,ontime
1610,DH,1607,JFK,228,22-01-2004,7816,IAD,0,4,22,N324UE,ontime
1455,DL,1458,JFK,213,22-01-2004,746,DCA,0,4,22,N986DL,ontime
630,DL,629,LGA,214,22-01-2004,1740,DCA,0,4,22,N242DL,ontime
730,DL,729,LGA,214,22-01-2004,1742,DCA,0,4,22,N221DL,ontime
830,DL,831,LGA,214,22-01-2004,1744,DCA,0,4,22,N231DN,ontime
930,DL,928,LGA,214,22-01-2004,1746,DCA,0,4,22,N223DZ,ontime
1030,DL,1030,LGA,214,22-01-2004,1748,DCA,0,4,22,N232DZ,ontime
1130,DL,1129,LGA,214,22-01-2004,1750,DCA,0,4,22,N221DL,ontime
1230,DL,1231,LGA,214,22-01-2004,1752,DCA,0,4,22,N231DN,ontime
1330,DL,1331,LGA,214,22-01-2004,1754,DCA,0,4,22,N223DZ,ontime
1430,DL,1429,LGA,214,22-01-2004,1756,DCA,0,4,22,N232DZ,delayed
1530,DL,1530,LGA,214,22-01-2004,1758,DCA,0,4,22,N221DL,ontime
1630,DL,1633,LGA,214,22-01-2004,1760,DCA,0,4,22,N3734B,delayed
1730,DL,1731,LGA,214,22-01-2004,1762,DCA,0,4,22,N231DN,delayed
1830,DL,1831,LGA,214,22-01-2004,1764,DCA,0,4,22,N232DZ,ontime
1930,DL,1928,LGA,214,22-01-2004,1766,DCA,0,4,22,N221DL,ontime
2030,DL,2033,LGA,214,22-01-2004,1768,DCA,0,4,22,N3734B,ontime
1530,MQ,1517,JFK,213,22-01-2004,4752,DCA,0,4,22,N703MQ,ontime
600,MQ,553,JFK,213,22-01-2004,4760,DCA,0,4,22,N838MQ,ontime
1830,MQ,1823,JFK,213,22-01-2004,4784,DCA,0,4,22,N721MQ,ontime
700,MQ,730,LGA,214,22-01-2004,4952,DCA,0,4,22,N814MQ,ontime
800,MQ,758,LGA,214,22-01-2004,4954,DCA,0,4,22,N739MQ,ontime
900,MQ,852,LGA,214,22-01-2004,4956,DCA,0,4,22,N728MQ,ontime
1100,MQ,1056,LGA,214,22-01-2004,4960,DCA,0,4,22,N723MQ,ontime
1300,MQ,1255,LGA,214,22-01-2004,4964,DCA,0,4,22,N735MQ,ontime
1400,MQ,1359,LGA,214,22-01-2004,4966,DCA,0,4,22,N731MQ,ontime
1500,MQ,1459,LGA,214,22-01-2004,4968,DCA,0,4,22,N701MQ,ontime
1600,MQ,1559,LGA,214,22-01-2004,4970,DCA,0,4,22,N727MQ,ontime
1700,MQ,1652,LGA,214,22-01-2004,4972,DCA,0,4,22,N814MQ,ontime
1900,MQ,1854,LGA,214,22-01-2004,4976,DCA,0,4,22,N739MQ,ontime
850,UA,847,LGA,229,22-01-2004,846,IAD,0,4,22,N558UA,ontime
630,US,625,LGA,214,22-01-2004,1479,DCA,0,4,22,N764UW,ontime
700,US,654,LGA,214,22-01-2004,2160,DCA,0,4,22,N708UW,ontime
800,US,754,LGA,214,22-01-2004,2162,DCA,0,4,22,N713UW,ontime
900,US,857,LGA,214,22-01-2004,2164,DCA,0,4,22,N714UW,ontime
1000,US,955,LGA,214,22-01-2004,2166,DCA,0,4,22,N762UW,ontime
1100,US,1055,LGA,214,22-01-2004,2168,DCA,0,4,22,N708UW,ontime
1200,US,1153,LGA,214,22-01-2004,2170,DCA,0,4,22,N713UW,ontime
1300,US,1255,LGA,214,22-01-2004,2172,DCA,0,4,22,N714UW,ontime
1400,US,1355,LGA,214,22-01-2004,2174,DCA,0,4,22,N762UW,ontime
1500,US,1456,LGA,214,22-01-2004,2176,DCA,0,4,22,N708UW,ontime
1600,US,1559,LGA,214,22-01-2004,2178,DCA,0,4,22,N713UW,ontime
1700,US,1658,LGA,214,22-01-2004,2180,DCA,0,4,22,N714UW,ontime
1800,US,1759,LGA,214,22-01-2004,2182,DCA,0,4,22,N762UW,ontime
1900,US,1900,LGA,214,22-01-2004,2184,DCA,0,4,22,N713UW,ontime
2000,US,2011,LGA,214,22-01-2004,2186,DCA,0,4,22,N714UW,ontime
2100,US,2139,LGA,214,22-01-2004,2188,DCA,0,4,22,N762UW,delayed
700,RU,658,EWR,169,22-01-2004,2703,BWI,0,4,22,N11535,ontime
1030,RU,1030,EWR,169,22-01-2004,2303,BWI,0,4,22,N13124,ontime
1455,RU,1450,EWR,169,22-01-2004,2403,BWI,0,4,22,N14991,ontime
1720,RU,1803,EWR,169,22-01-2004,3372,BWI,0,4,22,N13935,delayed
1300,CO,1258,EWR,199,22-01-2004,808,DCA,0,4,22,N16607,ontime
735,CO,729,EWR,199,22-01-2004,806,DCA,0,4,22,N17663,ontime
1900,CO,1855,EWR,199,22-01-2004,816,DCA,0,4,22,N17644,ontime
1730,CO,1721,EWR,199,22-01-2004,814,DCA,0,4,22,N27733,delayed
840,DH,831,EWR,213,22-01-2004,7299,IAD,0,4,22,N634BR,ontime
1710,DH,1706,EWR,213,22-01-2004,7302,IAD,0,4,22,N627BR,ontime
1245,DH,1249,EWR,213,22-01-2004,7303,IAD,0,4,22,N627BR,ontime
2120,DH,2116,EWR,213,22-01-2004,7304,IAD,0,4,22,N703BR,ontime
630,DH,624,EWR,213,22-01-2004,7305,IAD,0,4,22,N315UE,ontime
1430,DH,1425,EWR,213,22-01-2004,7307,IAD,0,4,22,N331UE,ontime
1359,RU,1356,EWR,199,22-01-2004,2216,DCA,0,4,22,N13935,ontime
1525,RU,1522,EWR,199,22-01-2004,2261,DCA,0,4,22,N14568,ontime
1630,RU,1627,EWR,199,22-01-2004,2181,DCA,0,4,22,N13969,ontime
1300,RU,1307,EWR,213,22-01-2004,2692,IAD,0,4,22,N14514,ontime
645,RU,641,EWR,199,22-01-2004,2761,DCA,0,4,22,N13970,ontime
1500,RU,1451,EWR,213,22-01-2004,2156,IAD,0,4,22,N34111,ontime
1700,RU,1656,EWR,213,22-01-2004,2497,IAD,0,4,22,N16918,ontime
700,RU,655,EWR,213,22-01-2004,2855,IAD,0,4,22,N18102,ontime
1900,RU,1850,EWR,213,22-01-2004,2385,IAD,0,4,22,N25134,ontime
2100,RU,2052,EWR,199,22-01-2004,2879,DCA,0,4,22,N14543,ontime
900,RU,854,EWR,199,22-01-2004,2582,DCA,0,4,22,N14543,ontime
1455,OH,1622,JFK,184,23-01-2004,5935,BWI,0,5,23,N430CA,delayed
1640,DH,1640,JFK,213,23-01-2004,6155,DCA,0,5,23,N423FJ,ontime
1245,DH,1239,LGA,229,23-01-2004,7208,IAD,0,5,23,N653BR,delayed
1715,DH,1715,LGA,229,23-01-2004,7215,IAD,0,5,23,N705BR,ontime
2120,DH,109,LGA,229,23-01-2004,7684,IAD,0,5,23,N668BR,delayed
640,DH,634,LGA,229,23-01-2004,7790,IAD,0,5,23,N626BR,ontime
1040,DH,1048,LGA,229,23-01-2004,7792,IAD,0,5,23,N693BR,ontime
840,DH,832,JFK,228,23-01-2004,7800,IAD,0,5,23,N692BR,ontime
1240,DH,1236,JFK,228,23-01-2004,7806,IAD,0,5,23,N634BR,ontime
1455,DH,1458,JFK,228,23-01-2004,7808,IAD,0,5,23,N320UE,ontime
1645,DH,1642,JFK,228,23-01-2004,7810,IAD,0,5,23,N321UE,ontime
1715,DH,1706,JFK,228,23-01-2004,7812,IAD,0,5,23,N308UE,ontime
2120,DH,2120,JFK,228,23-01-2004,7814,IAD,0,5,23,N631BR,ontime
1610,DH,1609,JFK,228,23-01-2004,7816,IAD,0,5,23,N332UE,ontime
1455,DL,1456,JFK,213,23-01-2004,746,DCA,0,5,23,N937DL,ontime
630,DL,627,LGA,214,23-01-2004,1740,DCA,0,5,23,N232DZ,ontime
730,DL,726,LGA,214,23-01-2004,1742,DCA,0,5,23,N231DN,ontime
830,DL,828,LGA,214,23-01-2004,1744,DCA,0,5,23,N225DL,ontime
930,DL,928,LGA,214,23-01-2004,1746,DCA,0,5,23,N241DL,ontime
1030,DL,1029,LGA,214,23-01-2004,1748,DCA,0,5,23,N232DZ,ontime
1130,DL,1128,LGA,214,23-01-2004,1750,DCA,0,5,23,N231DN,ontime
1230,DL,1229,LGA,214,23-01-2004,1752,DCA,0,5,23,N225DL,ontime
1430,DL,1428,LGA,214,23-01-2004,1756,DCA,0,5,23,N232DZ,ontime
1530,DL,1529,LGA,214,23-01-2004,1758,DCA,0,5,23,N231DN,ontime
1630,DL,1631,LGA,214,23-01-2004,1760,DCA,0,5,23,N3734B,ontime
1730,DL,1732,LGA,214,23-01-2004,1762,DCA,0,5,23,N225DL,ontime
1830,DL,1829,LGA,214,23-01-2004,1764,DCA,0,5,23,N232DZ,ontime
1930,DL,1929,LGA,214,23-01-2004,1766,DCA,0,5,23,N231DN,ontime
2030,DL,2028,LGA,214,23-01-2004,1768,DCA,0,5,23,N3734B,ontime
1530,MQ,1530,JFK,213,23-01-2004,4752,DCA,0,5,23,N841MQ,delayed
600,MQ,553,JFK,213,23-01-2004,4760,DCA,0,5,23,N730MQ,ontime
1830,MQ,1827,JFK,213,23-01-2004,4784,DCA,0,5,23,N727MQ,ontime
700,MQ,655,LGA,214,23-01-2004,4952,DCA,0,5,23,N707MQ,ontime
800,MQ,755,LGA,214,23-01-2004,4954,DCA,0,5,23,N731MQ,ontime
900,MQ,850,LGA,214,23-01-2004,4956,DCA,0,5,23,N701MQ,ontime
1100,MQ,1047,LGA,214,23-01-2004,4960,DCA,0,5,23,N727MQ,ontime
1300,MQ,1253,LGA,214,23-01-2004,4964,DCA,0,5,23,N701MQ,delayed
1400,MQ,1358,LGA,214,23-01-2004,4966,DCA,0,5,23,N702MQ,ontime
1700,MQ,1655,LGA,214,23-01-2004,4972,DCA,0,5,23,N726MQ,ontime
1900,MQ,1858,LGA,214,23-01-2004,4976,DCA,0,5,23,N738MQ,ontime
850,UA,853,LGA,229,23-01-2004,846,IAD,0,5,23,N517UA,ontime
630,US,626,LGA,214,23-01-2004,1479,DCA,0,5,23,N725UW,ontime
700,US,656,LGA,214,23-01-2004,2160,DCA,0,5,23,N765UW,ontime
800,US,757,LGA,214,23-01-2004,2162,DCA,0,5,23,N762UW,ontime
900,US,855,LGA,214,23-01-2004,2164,DCA,0,5,23,N768UW,ontime
1000,US,956,LGA,214,23-01-2004,2166,DCA,0,5,23,N715UW,ontime
1100,US,1057,LGA,214,23-01-2004,2168,DCA,0,5,23,N765UW,ontime
1200,US,1157,LGA,214,23-01-2004,2170,DCA,0,5,23,N762UW,ontime
1300,US,1259,LGA,214,23-01-2004,2172,DCA,0,5,23,N768UW,delayed
1400,US,1355,LGA,214,23-01-2004,2174,DCA,0,5,23,N715UW,ontime
1500,US,1502,LGA,214,23-01-2004,2176,DCA,0,5,23,N765UW,ontime
1700,US,1659,LGA,214,23-01-2004,2180,DCA,0,5,23,N768UW,ontime
1800,US,1759,LGA,214,23-01-2004,2182,DCA,0,5,23,N715UW,ontime
1900,US,1859,LGA,214,23-01-2004,2184,DCA,0,5,23,N765UW,ontime
2000,US,1958,LGA,214,23-01-2004,2186,DCA,0,5,23,N762UW,ontime
2100,US,2055,LGA,214,23-01-2004,2188,DCA,0,5,23,N768UW,ontime
1455,RU,1449,EWR,169,23-01-2004,2403,BWI,0,5,23,N12946,delayed
1030,RU,1032,EWR,169,23-01-2004,2303,BWI,0,5,23,N16546,ontime
1720,RU,1726,EWR,169,23-01-2004,3372,BWI,0,5,23,N21129,ontime
700,RU,654,EWR,169,23-01-2004,2703,BWI,0,5,23,N14959,ontime
1730,CO,1731,EWR,199,23-01-2004,814,DCA,0,5,23,N63305,ontime
1300,CO,1254,EWR,199,23-01-2004,808,DCA,0,5,23,N17620,ontime
735,CO,728,EWR,199,23-01-2004,806,DCA,0,5,23,N15659,ontime
1900,CO,1849,EWR,199,23-01-2004,816,DCA,0,5,23,N13665,delayed
840,DH,833,EWR,213,23-01-2004,7299,IAD,0,5,23,N686BR,ontime
1710,DH,1820,EWR,213,23-01-2004,7302,IAD,0,5,23,N680BR,delayed
1245,DH,1235,EWR,213,23-01-2004,7303,IAD,0,5,23,N680BR,ontime
2120,DH,2239,EWR,213,23-01-2004,7304,IAD,0,5,23,N654BR,delayed
630,DH,626,EWR,213,23-01-2004,7305,IAD,0,5,23,N333UE,ontime
1430,DH,1427,EWR,213,23-01-2004,7307,IAD,0,5,23,N301UE,ontime
2100,RU,2054,EWR,199,23-01-2004,2879,DCA,0,5,23,N14991,ontime
1630,RU,1629,EWR,199,23-01-2004,2181,DCA,0,5,23,N26549,ontime
700,RU,700,EWR,213,23-01-2004,2855,IAD,0,5,23,N11539,ontime
645,RU,641,EWR,199,23-01-2004,2761,DCA,0,5,23,N14993,ontime
1500,RU,1451,EWR,213,23-01-2004,2156,IAD,0,5,23,N14143,ontime
1900,RU,1851,EWR,213,23-01-2004,2385,IAD,0,5,23,N17108,ontime
1300,RU,1252,EWR,213,23-01-2004,2692,IAD,0,5,23,N16502,ontime
1525,RU,1528,EWR,199,23-01-2004,2261,DCA,0,5,23,N34111,delayed
1700,RU,1657,EWR,213,23-01-2004,2497,IAD,0,5,23,N12569,ontime
900,RU,901,EWR,199,23-01-2004,2582,DCA,0,5,23,N15926,ontime
1359,RU,1356,EWR,199,23-01-2004,2216,DCA,0,5,23,N16546,ontime
1455,OH,1455,JFK,184,24-01-2004,5935,BWI,0,6,24,N442CA,ontime
1640,DH,1633,JFK,213,24-01-2004,6155,DCA,0,6,24,N428FJ,ontime
1245,DH,1240,LGA,229,24-01-2004,7208,IAD,0,6,24,N693BR,ontime
1715,DH,1711,LGA,229,24-01-2004,7215,IAD,0,6,24,N647BR,ontime
2120,DH,2119,LGA,229,24-01-2004,7684,IAD,0,6,24,N635BR,ontime
840,DH,832,JFK,228,24-01-2004,7800,IAD,0,6,24,N668BR,ontime
1240,DH,1305,JFK,228,24-01-2004,7806,IAD,0,6,24,N634BR,ontime
1645,DH,1644,JFK,228,24-01-2004,7810,IAD,0,6,24,N313UE,ontime
1715,DH,1715,JFK,228,24-01-2004,7812,IAD,0,6,24,N312UE,delayed
2120,DH,2125,JFK,228,24-01-2004,7814,IAD,0,6,24,N628BR,ontime
1800,DH,1751,JFK,228,24-01-2004,7818,IAD,0,6,24,N321UE,ontime
1455,DL,1511,JFK,213,24-01-2004,746,DCA,0,6,24,N913DL,delayed
730,DL,730,LGA,214,24-01-2004,1742,DCA,0,6,24,N232DZ,ontime
830,DL,829,LGA,214,24-01-2004,1744,DCA,0,6,24,N225DL,ontime
1030,DL,1028,LGA,214,24-01-2004,1748,DCA,0,6,24,N231DN,ontime
1230,DL,1230,LGA,214,24-01-2004,1752,DCA,0,6,24,N225DL,ontime
1430,DL,1428,LGA,214,24-01-2004,1756,DCA,0,6,24,N231DN,ontime
1630,DL,1630,LGA,214,24-01-2004,1760,DCA,0,6,24,N225DL,ontime
1830,DL,1829,LGA,214,24-01-2004,1764,DCA,0,6,24,N231DN,ontime
2030,DL,2031,LGA,214,24-01-2004,1768,DCA,0,6,24,N225DL,ontime
1530,MQ,1525,JFK,213,24-01-2004,4752,DCA,0,6,24,N736MQ,ontime
600,MQ,550,JFK,213,24-01-2004,4760,DCA,0,6,24,N703MQ,ontime
1830,MQ,1812,JFK,213,24-01-2004,4784,DCA,0,6,24,N727MQ,ontime
900,MQ,931,LGA,214,24-01-2004,4956,DCA,0,6,24,N711MQ,delayed
1300,MQ,1319,LGA,214,24-01-2004,4964,DCA,0,6,24,N700MQ,ontime
850,UA,849,LGA,229,24-01-2004,846,IAD,0,6,24,N565UA,ontime
700,US,657,LGA,214,24-01-2004,2160,DCA,0,6,24,N754UW,ontime
900,US,919,LGA,214,24-01-2004,2164,DCA,0,6,24,N763UW,ontime
1100,US,1058,LGA,214,24-01-2004,2168,DCA,0,6,24,N754UW,ontime
1300,US,1259,LGA,214,24-01-2004,2172,DCA,0,6,24,N763UW,ontime
1500,US,1457,LGA,214,24-01-2004,2176,DCA,0,6,24,N754UW,ontime
1700,US,1656,LGA,214,24-01-2004,2180,DCA,0,6,24,N763UW,ontime
1900,US,1854,LGA,214,24-01-2004,2184,DCA,0,6,24,N754UW,ontime
1455,RU,1453,EWR,169,24-01-2004,2229,BWI,0,6,24,N14945,ontime
1720,RU,1715,EWR,169,24-01-2004,3372,BWI,0,6,24,N16927,ontime
700,RU,654,EWR,169,24-01-2004,2703,BWI,0,6,24,N12996,delayed
1030,RU,1029,EWR,169,24-01-2004,2303,BWI,0,6,24,N15926,ontime
1300,CO,1252,EWR,199,24-01-2004,808,DCA,0,6,24,N33608,ontime
840,DH,824,EWR,213,24-01-2004,7299,IAD,0,6,24,N640BR,ontime
1710,DH,1658,EWR,213,24-01-2004,7302,IAD,0,6,24,N675BR,ontime
1245,DH,1240,EWR,213,24-01-2004,7303,IAD,0,6,24,N675BR,ontime
2120,DH,2118,EWR,213,24-01-2004,7304,IAD,0,6,24,N654BR,ontime
930,RU,929,EWR,199,24-01-2004,2582,DCA,0,6,24,N48901,ontime
1500,RU,1456,EWR,213,24-01-2004,2156,IAD,0,6,24,N12135,ontime
1600,RU,1556,EWR,199,24-01-2004,2361,DCA,0,6,24,N14505,ontime
700,RU,659,EWR,213,24-01-2004,2855,IAD,0,6,24,N15926,delayed
645,RU,640,EWR,199,24-01-2004,2761,DCA,0,6,24,N14930,ontime
1359,RU,1358,EWR,199,24-01-2004,2216,DCA,0,6,24,N12552,ontime
1700,RU,1658,EWR,213,24-01-2004,2497,IAD,0,6,24,N34111,ontime
1730,RU,1728,EWR,199,24-01-2004,2097,DCA,0,6,24,N11548,ontime
1455,OH,1455,JFK,184,25-01-2004,5935,BWI,0,7,25,N967CA,ontime
1640,DH,1656,JFK,213,25-01-2004,6155,DCA,0,7,25,N402FJ,ontime
1245,DH,1251,LGA,229,25-01-2004,7208,IAD,0,7,25,N647BR,ontime
1455,DH,1455,LGA,229,25-01-2004,7211,IAD,0,7,25,N708BR,ontime
1715,DH,1900,LGA,229,25-01-2004,7215,IAD,0,7,25,N698BR,delayed
2120,DH,2244,LGA,229,25-01-2004,7684,IAD,0,7,25,N683BR,delayed
840,DH,901,JFK,228,25-01-2004,7800,IAD,0,7,25,N634BR,ontime
1240,DH,1326,JFK,228,25-01-2004,7806,IAD,0,7,25,N665BR,delayed
1455,DH,1452,JFK,228,25-01-2004,7808,IAD,0,7,25,N322UE,ontime
1645,DH,1641,JFK,228,25-01-2004,7810,IAD,0,7,25,N332UE,ontime
1715,DH,1715,JFK,228,25-01-2004,7812,IAD,0,7,25,N306UE,delayed
2120,DH,2122,JFK,228,25-01-2004,7814,IAD,1,7,25,N657BR,delayed
1610,DH,1600,JFK,228,25-01-2004,7816,IAD,0,7,25,N321UE,ontime
1455,DL,1535,JFK,213,25-01-2004,746,DCA,0,7,25,N931DL,delayed
830,DL,826,LGA,214,25-01-2004,1744,DCA,0,7,25,N231DN,ontime
1030,DL,1026,LGA,214,25-01-2004,1748,DCA,0,7,25,N225DL,ontime
1130,DL,1128,LGA,214,25-01-2004,1750,DCA,0,7,25,N223DZ,ontime
1230,DL,1229,LGA,214,25-01-2004,1752,DCA,0,7,25,N231DN,ontime
1330,DL,1330,LGA,214,25-01-2004,1754,DCA,0,7,25,N242DL,ontime
1430,DL,1429,LGA,214,25-01-2004,1756,DCA,0,7,25,N225DL,ontime
1530,DL,1530,LGA,214,25-01-2004,1758,DCA,0,7,25,N223DZ,ontime
1630,DL,1633,LGA,214,25-01-2004,1760,DCA,0,7,25,N231DN,ontime
1730,DL,1729,LGA,214,25-01-2004,1762,DCA,0,7,25,N242DL,ontime
1830,DL,1829,LGA,214,25-01-2004,1764,DCA,0,7,25,N225DL,ontime
1930,DL,1930,LGA,214,25-01-2004,1766,DCA,0,7,25,N223DZ,ontime
2030,DL,2031,LGA,214,25-01-2004,1768,DCA,0,7,25,N231DN,ontime
1530,MQ,1604,JFK,213,25-01-2004,4752,DCA,0,7,25,N718MQ,delayed
925,MQ,917,JFK,213,25-01-2004,4771,DCA,0,7,25,N703MQ,ontime
1830,MQ,1852,JFK,213,25-01-2004,4784,DCA,0,7,25,N708MQ,ontime
1300,MQ,1255,LGA,214,25-01-2004,4964,DCA,0,7,25,N732MQ,ontime
1500,MQ,1528,LGA,214,25-01-2004,4968,DCA,0,7,25,N708MQ,delayed
1700,MQ,1659,LGA,214,25-01-2004,4972,DCA,0,7,25,N851MQ,ontime
1900,MQ,1859,LGA,214,25-01-2004,4976,DCA,0,7,25,N723MQ,ontime
850,UA,845,LGA,229,25-01-2004,846,IAD,0,7,25,N581UA,ontime
900,US,859,LGA,214,25-01-2004,2164,DCA,0,7,25,N768UW,ontime
1000,US,954,LGA,214,25-01-2004,2166,DCA,0,7,25,N767UW,ontime
1100,US,1053,LGA,214,25-01-2004,2168,DCA,0,7,25,N738UW,ontime
1200,US,1156,LGA,214,25-01-2004,2170,DCA,0,7,25,N714UW,ontime
1300,US,1254,LGA,214,25-01-2004,2172,DCA,0,7,25,N768UW,ontime
1400,US,1356,LGA,214,25-01-2004,2174,DCA,0,7,25,N767UW,ontime
1500,US,1455,LGA,214,25-01-2004,2176,DCA,0,7,25,N738UW,ontime
1600,US,1600,LGA,214,25-01-2004,2178,DCA,0,7,25,N714UW,ontime
1700,US,1655,LGA,214,25-01-2004,2180,DCA,0,7,25,N725UW,ontime
1800,US,1754,LGA,214,25-01-2004,2182,DCA,0,7,25,N767UW,ontime
1900,US,1855,LGA,214,25-01-2004,2184,DCA,0,7,25,N738UW,ontime
2000,US,1953,LGA,214,25-01-2004,2186,DCA,0,7,25,N714UW,ontime
2100,US,2057,LGA,214,25-01-2004,2188,DCA,0,7,25,N760UW,delayed
1455,RU,1456,EWR,169,25-01-2004,2403,BWI,0,7,25,N14505,ontime
1030,RU,1137,EWR,169,25-01-2004,2303,BWI,0,7,25,N16927,delayed
1720,RU,1729,EWR,169,25-01-2004,3372,BWI,0,7,25,N13908,ontime
1315,RU,1313,EWR,169,25-01-2004,2703,BWI,0,7,25,N13955,ontime
1630,CO,1620,EWR,199,25-01-2004,810,DCA,0,7,25,N33608,ontime
1300,CO,1251,EWR,199,25-01-2004,1767,DCA,0,7,25,N14645,ontime
1900,CO,1856,EWR,199,25-01-2004,816,DCA,0,7,25,N16650,ontime
840,DH,830,EWR,213,25-01-2004,7299,IAD,0,7,25,N694BR,ontime
1710,DH,1720,EWR,213,25-01-2004,7302,IAD,0,7,25,N671BR,ontime
1245,DH,1238,EWR,213,25-01-2004,7303,IAD,0,7,25,N671BR,ontime
2120,DH,2120,EWR,213,25-01-2004,7304,IAD,0,7,25,N664BR,delayed
1430,DH,1521,EWR,213,25-01-2004,7307,IAD,0,7,25,N329UE,delayed
2130,RU,2244,EWR,199,25-01-2004,2879,DCA,0,7,25,N13936,delayed
930,RU,926,EWR,199,25-01-2004,2582,DCA,0,7,25,N11548,ontime
845,RU,840,EWR,213,25-01-2004,2254,IAD,0,7,25,N13936,ontime
1900,RU,1859,EWR,213,25-01-2004,2385,IAD,0,7,25,N16151,delayed
1500,RU,1456,EWR,213,25-01-2004,2156,IAD,0,7,25,N41104,ontime
1700,RU,1655,EWR,213,25-01-2004,2497,IAD,0,7,25,N14907,ontime
1359,RU,1356,EWR,199,25-01-2004,2216,DCA,0,7,25,N14950,ontime
1730,RU,1736,EWR,199,25-01-2004,2097,DCA,0,7,25,N13956,ontime
1455,OH,1500,JFK,184,26-01-2004,5935,BWI,0,1,26,N811CA,ontime
1245,DH,1243,LGA,229,26-01-2004,7208,IAD,0,1,26,N681BR,ontime
1455,DH,1612,LGA,229,26-01-2004,7211,IAD,0,1,26,N708BR,delayed
1715,DH,1947,LGA,229,26-01-2004,7215,IAD,0,1,26,N656BR,delayed
2120,DH,2150,LGA,229,26-01-2004,7684,IAD,0,1,26,N670BR,delayed
640,DH,1001,LGA,229,26-01-2004,7790,IAD,0,1,26,N624BR,delayed
1040,DH,1035,LGA,229,26-01-2004,7792,IAD,0,1,26,N708BR,delayed
840,DH,839,JFK,228,26-01-2004,7800,IAD,0,1,26,N683BR,ontime
1240,DH,1235,JFK,228,26-01-2004,7806,IAD,0,1,26,N653BR,ontime
1455,DH,1459,JFK,228,26-01-2004,7808,IAD,0,1,26,N330UE,delayed
1645,DH,1759,JFK,228,26-01-2004,7810,IAD,0,1,26,N329UE,delayed
1715,DH,1829,JFK,228,26-01-2004,7812,IAD,0,1,26,N333UE,delayed
2120,DH,2120,JFK,228,26-01-2004,7814,IAD,0,1,26,N687BR,ontime
1610,DH,1635,JFK,228,26-01-2004,7816,IAD,0,1,26,N316UE,ontime
1455,DL,1509,JFK,213,26-01-2004,746,DCA,1,1,26,N905DL,delayed
730,DL,741,LGA,214,26-01-2004,1742,DCA,1,1,26,N225DL,delayed
930,DL,929,LGA,214,26-01-2004,1746,DCA,0,1,26,N231DN,ontime
1030,DL,1033,LGA,214,26-01-2004,1748,DCA,0,1,26,N221DL,ontime
1130,DL,1129,LGA,214,26-01-2004,1750,DCA,0,1,26,N225DL,ontime
1230,DL,1229,LGA,214,26-01-2004,1752,DCA,0,1,26,N242DL,ontime
1330,DL,1328,LGA,214,26-01-2004,1754,DCA,0,1,26,N231DN,ontime
1430,DL,1433,LGA,214,26-01-2004,1756,DCA,0,1,26,N221DL,delayed
1530,DL,1540,LGA,214,26-01-2004,1758,DCA,1,1,26,N225DL,delayed
1630,DL,1634,LGA,214,26-01-2004,1760,DCA,0,1,26,N242DL,ontime
1730,DL,1730,LGA,214,26-01-2004,1762,DCA,0,1,26,N231DN,ontime
1930,DL,1931,LGA,214,26-01-2004,1766,DCA,0,1,26,N225DL,ontime
2030,DL,2031,LGA,214,26-01-2004,1768,DCA,0,1,26,N242DL,ontime
1530,MQ,1619,JFK,213,26-01-2004,4752,DCA,1,1,26,N713MQ,delayed
1830,MQ,1956,JFK,213,26-01-2004,4784,DCA,1,1,26,N711MQ,delayed
800,MQ,1017,LGA,214,26-01-2004,4954,DCA,1,1,26,N718MQ,delayed
900,MQ,920,LGA,214,26-01-2004,4956,DCA,1,1,26,N728MQ,delayed
1300,MQ,1607,LGA,214,26-01-2004,4964,DCA,1,1,26,N730MQ,delayed
1900,MQ,2010,LGA,214,26-01-2004,4976,DCA,1,1,26,N728MQ,delayed
850,UA,929,LGA,229,26-01-2004,846,IAD,1,1,26,N525UA,delayed
630,US,646,LGA,214,26-01-2004,1479,DCA,0,1,26,N767UW,delayed
700,US,729,LGA,214,26-01-2004,2160,DCA,0,1,26,N704UW,delayed
800,US,801,LGA,214,26-01-2004,2162,DCA,0,1,26,N762UW,ontime
900,US,925,LGA,214,26-01-2004,2164,DCA,1,1,26,N760UW,delayed
1000,US,956,LGA,214,26-01-2004,2166,DCA,0,1,26,N710UW,ontime
1100,US,1100,LGA,214,26-01-2004,2168,DCA,0,1,26,N704UW,delayed
1400,US,1358,LGA,214,26-01-2004,2174,DCA,0,1,26,N710UW,ontime
1600,US,1559,LGA,214,26-01-2004,2178,DCA,0,1,26,N762UW,ontime
1700,US,1703,LGA,214,26-01-2004,2180,DCA,0,1,26,N760UW,ontime
1800,US,1756,LGA,214,26-01-2004,2182,DCA,0,1,26,N710UW,ontime
1900,US,1900,LGA,214,26-01-2004,2184,DCA,0,1,26,N704UW,ontime
2000,US,1955,LGA,214,26-01-2004,2186,DCA,0,1,26,N762UW,ontime
2100,US,2118,LGA,214,26-01-2004,2188,DCA,0,1,26,N760UW,delayed
1720,RU,1737,EWR,169,26-01-2004,3372,BWI,0,1,26,N15555,delayed
1455,RU,1504,EWR,169,26-01-2004,2403,BWI,0,1,26,N17513,ontime
735,CO,750,EWR,199,26-01-2004,806,DCA,1,1,26,N13624,delayed
1900,CO,1922,EWR,199,26-01-2004,816,DCA,0,1,26,N23661,delayed
1300,CO,1254,EWR,199,26-01-2004,808,DCA,0,1,26,N33637,ontime
840,DH,840,EWR,213,26-01-2004,7299,IAD,0,1,26,N655BR,ontime
1245,DH,1501,EWR,213,26-01-2004,7303,IAD,0,1,26,N685BR,delayed
2120,DH,2150,EWR,213,26-01-2004,7304,IAD,0,1,26,N631BR,delayed
630,DH,632,EWR,213,26-01-2004,7305,IAD,0,1,26,N316UE,ontime
1430,DH,1457,EWR,213,26-01-2004,7307,IAD,1,1,26,N320UE,delayed
1500,RU,1500,EWR,213,26-01-2004,2156,IAD,0,1,26,N14116,delayed
2100,RU,2055,EWR,199,26-01-2004,2879,DCA,0,1,26,N21537,ontime
900,RU,856,EWR,199,26-01-2004,2582,DCA,0,1,26,N13929,ontime
1900,RU,1939,EWR,213,26-01-2004,2385,IAD,0,1,26,N34110,delayed
1300,RU,1258,EWR,213,26-01-2004,2692,IAD,0,1,26,N16511,ontime
1700,RU,1754,EWR,213,26-01-2004,2497,IAD,0,1,26,N11539,delayed
1359,RU,1358,EWR,199,26-01-2004,2216,DCA,0,1,26,N15973,ontime
1525,RU,1755,EWR,199,26-01-2004,2261,DCA,1,1,26,N16927,delayed
1455,OH,1515,JFK,184,27-01-2004,5935,BWI,0,2,27,N712CA,ontime
1640,DH,1941,JFK,213,27-01-2004,6155,DCA,0,2,27,N420FJ,delayed
1245,DH,1409,LGA,229,27-01-2004,7208,IAD,1,2,27,N661BR,delayed
1455,DH,1520,LGA,229,27-01-2004,7211,IAD,1,2,27,N676BR,delayed
1715,DH,1735,LGA,229,27-01-2004,7215,IAD,1,2,27,N631BR,delayed
640,DH,845,LGA,229,27-01-2004,7790,IAD,1,2,27,N624BR,delayed
1040,DH,1031,LGA,229,27-01-2004,7792,IAD,0,2,27,N676BR,ontime
840,DH,837,JFK,228,27-01-2004,7800,IAD,0,2,27,N670BR,delayed
1240,DH,1342,JFK,228,27-01-2004,7806,IAD,0,2,27,N643BR,delayed
1455,DH,1512,JFK,228,27-01-2004,7808,IAD,1,2,27,N324UE,delayed
1715,DH,1915,JFK,228,27-01-2004,7812,IAD,1,2,27,N316UE,delayed
2120,DH,2155,JFK,228,27-01-2004,7814,IAD,1,2,27,N648BR,delayed
1455,DL,1505,JFK,213,27-01-2004,746,DCA,0,2,27,N927DA,delayed
730,DL,731,LGA,214,27-01-2004,1742,DCA,0,2,27,N232DZ,ontime
830,DL,842,LGA,214,27-01-2004,1744,DCA,0,2,27,N242DL,delayed
1030,DL,1032,LGA,214,27-01-2004,1748,DCA,0,2,27,N225DL,ontime
1230,DL,1231,LGA,214,27-01-2004,1752,DCA,0,2,27,N242DL,ontime
1430,DL,1430,LGA,214,27-01-2004,1756,DCA,0,2,27,N225DL,ontime
1630,DL,1750,LGA,214,27-01-2004,1760,DCA,0,2,27,N242DL,delayed
1830,DL,1927,LGA,214,27-01-2004,1764,DCA,0,2,27,N225DL,delayed
2030,DL,2030,LGA,214,27-01-2004,1768,DCA,0,2,27,N232DZ,delayed
1530,MQ,1551,JFK,213,27-01-2004,4752,DCA,0,2,27,N845MQ,delayed
1830,MQ,1915,JFK,213,27-01-2004,4784,DCA,1,2,27,N710MQ,delayed
700,MQ,700,LGA,214,27-01-2004,4952,DCA,0,2,27,N713MQ,delayed
800,MQ,810,LGA,214,27-01-2004,4954,DCA,0,2,27,N722MQ,ontime
1400,MQ,1612,LGA,214,27-01-2004,4966,DCA,1,2,27,N719MQ,delayed
1500,MQ,1459,LGA,214,27-01-2004,4968,DCA,0,2,27,N711MQ,ontime
1600,MQ,1855,LGA,214,27-01-2004,4970,DCA,1,2,27,N703MQ,delayed
850,UA,1026,LGA,229,27-01-2004,846,IAD,1,2,27,N534UA,delayed
630,US,625,LGA,214,27-01-2004,1479,DCA,0,2,27,N744UW,ontime
700,US,657,LGA,214,27-01-2004,2160,DCA,0,2,27,N741UW,ontime
800,US,757,LGA,214,27-01-2004,2162,DCA,0,2,27,N704UW,ontime
900,US,858,LGA,214,27-01-2004,2164,DCA,0,2,27,N733UW,ontime
1000,US,956,LGA,214,27-01-2004,2166,DCA,0,2,27,N724UW,ontime
1100,US,1057,LGA,214,27-01-2004,2168,DCA,0,2,27,N741UW,ontime
1200,US,1156,LGA,214,27-01-2004,2170,DCA,0,2,27,N704UW,ontime
1300,US,1300,LGA,214,27-01-2004,2172,DCA,0,2,27,N733UW,ontime
1400,US,1357,LGA,214,27-01-2004,2174,DCA,0,2,27,N724UW,ontime
1500,US,1457,LGA,214,27-01-2004,2176,DCA,0,2,27,N741UW,ontime
1600,US,1559,LGA,214,27-01-2004,2178,DCA,0,2,27,N704UW,ontime
1700,US,1657,LGA,214,27-01-2004,2180,DCA,0,2,27,N733UW,ontime
700,RU,657,EWR,169,27-01-2004,2703,BWI,0,2,27,N12921,delayed
1730,CO,1813,EWR,199,27-01-2004,814,DCA,1,2,27,N10323,delayed
1300,CO,1257,EWR,199,27-01-2004,808,DCA,0,2,27,N14613,delayed
840,DH,840,EWR,213,27-01-2004,7299,IAD,0,2,27,N646BR,delayed
1710,DH,1824,EWR,213,27-01-2004,7302,IAD,1,2,27,N708BR,delayed
1245,DH,1348,EWR,213,27-01-2004,7303,IAD,0,2,27,N708BR,delayed
2120,DH,2150,EWR,213,27-01-2004,7304,IAD,0,2,27,N646BR,delayed
1430,DH,1444,EWR,213,27-01-2004,7307,IAD,1,2,27,N322UE,delayed
1500,RU,1456,EWR,213,27-01-2004,2156,IAD,0,2,27,N18982,delayed
700,RU,711,EWR,213,27-01-2004,2855,IAD,1,2,27,N17984,delayed
645,RU,641,EWR,199,27-01-2004,2761,DCA,0,2,27,N34110,ontime
1455,OH,1500,JFK,184,28-01-2004,5935,BWI,0,3,28,N809CA,ontime
1640,DH,1631,JFK,213,28-01-2004,6155,DCA,0,3,28,N451FJ,ontime
1245,DH,1238,LGA,229,28-01-2004,7208,IAD,0,3,28,N647BR,ontime
1455,DH,1552,LGA,229,28-01-2004,7211,IAD,0,3,28,N329UE,delayed
1715,DH,1744,LGA,229,28-01-2004,7215,IAD,0,3,28,N651BR,ontime
2120,DH,2151,LGA,229,28-01-2004,7684,IAD,0,3,28,N634BR,delayed
640,DH,640,LGA,229,28-01-2004,7790,IAD,0,3,28,N679BR,ontime
1040,DH,1038,LGA,229,28-01-2004,7792,IAD,0,3,28,N329UE,ontime
840,DH,912,JFK,228,28-01-2004,7800,IAD,0,3,28,N660BR,delayed
1240,DH,1331,JFK,228,28-01-2004,7806,IAD,0,3,28,N689BR,delayed
1455,DH,1451,JFK,228,28-01-2004,7808,IAD,0,3,28,N301UE,ontime
1645,DH,1642,JFK,228,28-01-2004,7810,IAD,0,3,28,N320UE,ontime
1715,DH,1832,JFK,228,28-01-2004,7812,IAD,0,3,28,N332UE,delayed
2120,DH,2118,JFK,228,28-01-2004,7814,IAD,0,3,28,N658BR,ontime
1610,DH,1610,JFK,228,28-01-2004,7816,IAD,0,3,28,N328UE,ontime
1455,DL,1451,JFK,213,28-01-2004,746,DCA,0,3,28,N921DL,ontime
730,DL,729,LGA,214,28-01-2004,1742,DCA,0,3,28,N242DL,ontime
930,DL,931,LGA,214,28-01-2004,1746,DCA,0,3,28,N225DL,ontime
1130,DL,1130,LGA,214,28-01-2004,1750,DCA,0,3,28,N242DL,ontime
1330,DL,1329,LGA,214,28-01-2004,1754,DCA,0,3,28,N225DL,ontime
1530,DL,1529,LGA,214,28-01-2004,1758,DCA,0,3,28,N242DL,ontime
1730,DL,1729,LGA,214,28-01-2004,1762,DCA,0,3,28,N225DL,ontime
1830,DL,1830,LGA,214,28-01-2004,1764,DCA,0,3,28,N241DL,ontime
2030,DL,2030,LGA,214,28-01-2004,1768,DCA,0,3,28,N232DZ,delayed
1530,MQ,1529,JFK,213,28-01-2004,4752,DCA,0,3,28,N723MQ,ontime
1830,MQ,1833,JFK,213,28-01-2004,4784,DCA,0,3,28,N845MQ,ontime
800,MQ,756,LGA,214,28-01-2004,4954,DCA,0,3,28,N708MQ,delayed
1400,MQ,1424,LGA,214,28-01-2004,4966,DCA,0,3,28,N836MQ,delayed
1500,MQ,1513,LGA,214,28-01-2004,4968,DCA,0,3,28,N845MQ,ontime
1600,MQ,1551,LGA,214,28-01-2004,4970,DCA,0,3,28,N722MQ,ontime
1700,MQ,1719,LGA,214,28-01-2004,4972,DCA,0,3,28,N716MQ,delayed
1900,MQ,1941,LGA,214,28-01-2004,4976,DCA,0,3,28,N729MQ,delayed
850,UA,849,LGA,229,28-01-2004,846,IAD,0,3,28,N540UA,ontime
630,US,628,LGA,214,28-01-2004,1479,DCA,0,3,28,N758UW,ontime
700,US,657,LGA,214,28-01-2004,2160,DCA,0,3,28,N722UW,ontime
800,US,830,LGA,214,28-01-2004,2162,DCA,0,3,28,N704UW,delayed
900,US,921,LGA,214,28-01-2004,2164,DCA,0,3,28,N741UW,delayed
1000,US,1005,LGA,214,28-01-2004,2166,DCA,0,3,28,N709UW,ontime
1100,US,1056,LGA,214,28-01-2004,2168,DCA,0,3,28,N722UW,ontime
1300,US,1257,LGA,214,28-01-2004,2172,DCA,0,3,28,N741UW,ontime
1500,US,1458,LGA,214,28-01-2004,2176,DCA,0,3,28,N722UW,delayed
1600,US,1555,LGA,214,28-01-2004,2178,DCA,0,3,28,N704UW,delayed
1700,US,1656,LGA,214,28-01-2004,2180,DCA,0,3,28,N709UW,ontime
1800,US,1758,LGA,214,28-01-2004,2182,DCA,0,3,28,N727UW,ontime
1900,US,1855,LGA,214,28-01-2004,2184,DCA,0,3,28,N722UW,ontime
2000,US,1956,LGA,214,28-01-2004,2186,DCA,0,3,28,N768UW,delayed
2100,US,2054,LGA,214,28-01-2004,2188,DCA,0,3,28,N765UW,ontime
1455,RU,1454,EWR,169,28-01-2004,2403,BWI,0,3,28,N14952,ontime
1030,RU,1022,EWR,169,28-01-2004,2303,BWI,0,3,28,N13914,ontime
1720,RU,1848,EWR,169,28-01-2004,3372,BWI,0,3,28,N18102,delayed
1730,CO,1723,EWR,199,28-01-2004,814,DCA,0,3,28,N14336,ontime
1900,CO,1937,EWR,199,28-01-2004,816,DCA,0,3,28,N18611,delayed
1300,CO,1256,EWR,199,28-01-2004,808,DCA,0,3,28,N19638,ontime
840,DH,836,EWR,213,28-01-2004,7299,IAD,0,3,28,N683BR,ontime
1710,DH,1715,EWR,213,28-01-2004,7302,IAD,0,3,28,N679BR,delayed
1245,DH,1354,EWR,213,28-01-2004,7303,IAD,0,3,28,N679BR,delayed
2120,DH,2116,EWR,213,28-01-2004,7304,IAD,0,3,28,N640BR,ontime
630,DH,627,EWR,213,28-01-2004,7305,IAD,0,3,28,N329UE,ontime
1430,DH,1425,EWR,213,28-01-2004,7307,IAD,0,3,28,N312UE,ontime
1359,RU,1355,EWR,199,28-01-2004,2216,DCA,0,3,28,N13914,ontime
1700,RU,1650,EWR,213,28-01-2004,2497,IAD,0,3,28,N14991,ontime
2100,RU,2120,EWR,199,28-01-2004,2879,DCA,0,3,28,N14947,delayed
1900,RU,1855,EWR,213,28-01-2004,2385,IAD,0,3,28,N17521,ontime
1630,RU,1628,EWR,199,28-01-2004,2181,DCA,0,3,28,N16571,ontime
900,RU,911,EWR,199,28-01-2004,2582,DCA,0,3,28,N12921,delayed
700,RU,700,EWR,213,28-01-2004,2855,IAD,0,3,28,N15983,ontime
1525,RU,1523,EWR,199,28-01-2004,2261,DCA,0,3,28,N12540,ontime
1500,RU,1453,EWR,213,28-01-2004,2156,IAD,0,3,28,N11119,ontime
1455,OH,1455,JFK,184,29-01-2004,5935,BWI,0,4,29,N435CA,ontime
1640,DH,1636,JFK,213,29-01-2004,6155,DCA,0,4,29,N402FJ,ontime
1245,DH,1321,LGA,229,29-01-2004,7208,IAD,0,4,29,N651BR,delayed
1455,DH,1609,LGA,229,29-01-2004,7211,IAD,0,4,29,N642BR,delayed
1715,DH,1939,LGA,229,29-01-2004,7215,IAD,0,4,29,N642BR,delayed
2120,DH,2120,LGA,229,29-01-2004,7684,IAD,0,4,29,N622BR,ontime
640,DH,721,LGA,229,29-01-2004,7790,IAD,0,4,29,N669BR,delayed
840,DH,837,JFK,228,29-01-2004,7800,IAD,0,4,29,N634BR,ontime
1240,DH,1232,JFK,228,29-01-2004,7806,IAD,0,4,29,N708BR,ontime
1455,DH,1450,JFK,228,29-01-2004,7808,IAD,0,4,29,N322UE,ontime
1645,DH,1644,JFK,228,29-01-2004,7810,IAD,0,4,29,N314UE,ontime
1715,DH,1737,JFK,228,29-01-2004,7812,IAD,0,4,29,N324UE,ontime
2120,DH,2115,JFK,228,29-01-2004,7814,IAD,0,4,29,N620BR,ontime
1610,DH,1613,JFK,228,29-01-2004,7816,IAD,0,4,29,N330UE,ontime
1455,DL,1500,JFK,213,29-01-2004,746,DCA,0,4,29,N954DL,delayed
630,DL,630,LGA,214,29-01-2004,1740,DCA,0,4,29,N241DL,ontime
730,DL,728,LGA,214,29-01-2004,1742,DCA,0,4,29,N242DL,ontime
830,DL,834,LGA,214,29-01-2004,1744,DCA,0,4,29,N225DL,delayed
1030,DL,1032,LGA,214,29-01-2004,1748,DCA,0,4,29,N232DZ,ontime
1130,DL,1128,LGA,214,29-01-2004,1750,DCA,0,4,29,N242DL,ontime
1230,DL,1230,LGA,214,29-01-2004,1752,DCA,0,4,29,N225DL,ontime
1330,DL,1329,LGA,214,29-01-2004,1754,DCA,0,4,29,N241DL,ontime
1430,DL,1430,LGA,214,29-01-2004,1756,DCA,0,4,29,N232DZ,ontime
1530,DL,1531,LGA,214,29-01-2004,1758,DCA,0,4,29,N242DL,ontime
1630,DL,1629,LGA,214,29-01-2004,1760,DCA,0,4,29,N225DL,ontime
1730,DL,1730,LGA,214,29-01-2004,1762,DCA,0,4,29,N241DL,ontime
1830,DL,1829,LGA,214,29-01-2004,1764,DCA,0,4,29,N221DL,ontime
1930,DL,1928,LGA,214,29-01-2004,1766,DCA,0,4,29,N242DL,ontime
2030,DL,2031,LGA,214,29-01-2004,1768,DCA,0,4,29,N225DL,ontime
1530,MQ,1633,JFK,213,29-01-2004,4752,DCA,0,4,29,N710MQ,delayed
600,MQ,559,JFK,213,29-01-2004,4760,DCA,0,4,29,N701MQ,ontime
1830,MQ,1829,JFK,213,29-01-2004,4784,DCA,0,4,29,N703MQ,ontime
700,MQ,650,LGA,214,29-01-2004,4952,DCA,0,4,29,N719MQ,delayed
800,MQ,749,LGA,214,29-01-2004,4954,DCA,0,4,29,N721MQ,ontime
900,MQ,855,LGA,214,29-01-2004,4956,DCA,0,4,29,N704MQ,ontime
1300,MQ,1257,LGA,214,29-01-2004,4964,DCA,0,4,29,N733MQ,ontime
1400,MQ,1428,LGA,214,29-01-2004,4966,DCA,0,4,29,N719MQ,delayed
1500,MQ,1527,LGA,214,29-01-2004,4968,DCA,0,4,29,N703MQ,delayed
1700,MQ,1654,LGA,214,29-01-2004,4972,DCA,0,4,29,N733MQ,ontime
1900,MQ,1902,LGA,214,29-01-2004,4976,DCA,0,4,29,N716MQ,ontime
850,UA,848,LGA,229,29-01-2004,846,IAD,0,4,29,N507UA,ontime
630,US,632,LGA,214,29-01-2004,1479,DCA,0,4,29,N727UW,ontime
700,US,657,LGA,214,29-01-2004,2160,DCA,0,4,29,N751UW,delayed
800,US,755,LGA,214,29-01-2004,2162,DCA,0,4,29,N722UW,ontime
900,US,858,LGA,214,29-01-2004,2164,DCA,0,4,29,N711UW,ontime
1000,US,958,LGA,214,29-01-2004,2166,DCA,0,4,29,N765UW,ontime
1100,US,1058,LGA,214,29-01-2004,2168,DCA,0,4,29,N751UW,ontime
1200,US,1155,LGA,214,29-01-2004,2170,DCA,0,4,29,N722UW,ontime
1300,US,1256,LGA,214,29-01-2004,2172,DCA,0,4,29,N711UW,ontime
1400,US,1356,LGA,214,29-01-2004,2174,DCA,0,4,29,N765UW,ontime
1500,US,1457,LGA,214,29-01-2004,2176,DCA,0,4,29,N751UW,ontime
1600,US,1556,LGA,214,29-01-2004,2178,DCA,0,4,29,N722UW,ontime
1700,US,1659,LGA,214,29-01-2004,2180,DCA,0,4,29,N711UW,ontime
1800,US,1758,LGA,214,29-01-2004,2182,DCA,0,4,29,N704UW,ontime
1900,US,1857,LGA,214,29-01-2004,2184,DCA,0,4,29,N751UW,ontime
2000,US,2001,LGA,214,29-01-2004,2186,DCA,0,4,29,N722UW,ontime
2100,US,2055,LGA,214,29-01-2004,2188,DCA,0,4,29,N711UW,ontime
1720,RU,1718,EWR,169,29-01-2004,3372,BWI,0,4,29,N16149,ontime
700,RU,659,EWR,169,29-01-2004,2703,BWI,0,4,29,N13968,ontime
1030,RU,1030,EWR,169,29-01-2004,2303,BWI,0,4,29,N13550,ontime
1455,RU,1451,EWR,169,29-01-2004,2403,BWI,0,4,29,N13936,ontime
1300,CO,1255,EWR,199,29-01-2004,808,DCA,0,4,29,N14652,ontime
1730,CO,1728,EWR,199,29-01-2004,814,DCA,0,4,29,N16701,ontime
735,CO,732,EWR,199,29-01-2004,806,DCA,0,4,29,N14664,ontime
1900,CO,1852,EWR,199,29-01-2004,816,DCA,0,4,29,N15659,ontime
840,DH,913,EWR,213,29-01-2004,7299,IAD,0,4,29,N653BR,delayed
1710,DH,1659,EWR,213,29-01-2004,7302,IAD,0,4,29,N701BR,ontime
1245,DH,1237,EWR,213,29-01-2004,7303,IAD,0,4,29,N701BR,ontime
2120,DH,2211,EWR,213,29-01-2004,7304,IAD,0,4,29,N636BR,delayed
630,DH,627,EWR,213,29-01-2004,7305,IAD,0,4,29,N315UE,ontime
1430,DH,1427,EWR,213,29-01-2004,7307,IAD,0,4,29,N301UE,ontime
2100,RU,2057,EWR,199,29-01-2004,2879,DCA,0,4,29,N13965,ontime
1630,RU,1633,EWR,199,29-01-2004,2181,DCA,0,4,29,N14952,ontime
1500,RU,1452,EWR,213,29-01-2004,2156,IAD,0,4,29,N34111,ontime
645,RU,640,EWR,199,29-01-2004,2761,DCA,0,4,29,N13550,ontime
700,RU,654,EWR,213,29-01-2004,2855,IAD,0,4,29,N19554,ontime
1900,RU,1855,EWR,213,29-01-2004,2385,IAD,0,4,29,N14505,ontime
1359,RU,1405,EWR,199,29-01-2004,2216,DCA,0,4,29,N13550,delayed
1300,RU,1259,EWR,213,29-01-2004,2692,IAD,0,4,29,N17507,ontime
1525,RU,1620,EWR,199,29-01-2004,2261,DCA,0,4,29,N13970,delayed
900,RU,857,EWR,199,29-01-2004,2582,DCA,0,4,29,N14902,ontime
1700,RU,1659,EWR,213,29-01-2004,2497,IAD,0,4,29,N11536,ontime
1455,OH,1455,JFK,184,30-01-2004,5935,BWI,0,5,30,N958CA,ontime
1640,DH,1640,JFK,213,30-01-2004,6155,DCA,0,5,30,N409FJ,ontime
1245,DH,1237,LGA,229,30-01-2004,7208,IAD,0,5,30,N668BR,ontime
1455,DH,1528,LGA,229,30-01-2004,7211,IAD,0,5,30,N331UE,delayed
1715,DH,1709,LGA,229,30-01-2004,7215,IAD,0,5,30,N671BR,ontime
2120,DH,2127,LGA,229,30-01-2004,7684,IAD,0,5,30,N620BR,ontime
640,DH,632,LGA,229,30-01-2004,7790,IAD,0,5,30,N651BR,ontime
1040,DH,1030,LGA,229,30-01-2004,7792,IAD,0,5,30,N655BR,ontime
840,DH,831,JFK,228,30-01-2004,7800,IAD,0,5,30,N622BR,ontime
1240,DH,1241,JFK,228,30-01-2004,7806,IAD,0,5,30,N623BR,ontime
1455,DH,1459,JFK,228,30-01-2004,7808,IAD,0,5,30,N307UE,ontime
1645,DH,1641,JFK,228,30-01-2004,7810,IAD,0,5,30,N313UE,ontime
1715,DH,1714,JFK,228,30-01-2004,7812,IAD,0,5,30,N333UE,ontime
2120,DH,2214,JFK,228,30-01-2004,7814,IAD,0,5,30,N692BR,delayed
1610,DH,1609,JFK,228,30-01-2004,7816,IAD,0,5,30,N322UE,ontime
1455,DL,1510,JFK,213,30-01-2004,746,DCA,0,5,30,N940DL,delayed
630,DL,630,LGA,214,30-01-2004,1740,DCA,0,5,30,N223DZ,ontime
730,DL,730,LGA,214,30-01-2004,1742,DCA,0,5,30,N221DL,ontime
830,DL,830,LGA,214,30-01-2004,1744,DCA,0,5,30,N225DL,ontime
930,DL,931,LGA,214,30-01-2004,1746,DCA,0,5,30,N241DL,ontime
1030,DL,1031,LGA,214,30-01-2004,1748,DCA,0,5,30,N223DZ,ontime
1130,DL,1131,LGA,214,30-01-2004,1750,DCA,0,5,30,N221DL,ontime
1230,DL,1231,LGA,214,30-01-2004,1752,DCA,0,5,30,N225DL,ontime
1330,DL,1331,LGA,214,30-01-2004,1754,DCA,0,5,30,N241DL,ontime
1430,DL,1432,LGA,214,30-01-2004,1756,DCA,0,5,30,N223DZ,ontime
1530,DL,1531,LGA,214,30-01-2004,1758,DCA,0,5,30,N221DL,ontime
1630,DL,1632,LGA,214,30-01-2004,1760,DCA,0,5,30,N225DL,ontime
1730,DL,1730,LGA,214,30-01-2004,1762,DCA,0,5,30,N232DZ,ontime
1830,DL,1830,LGA,214,30-01-2004,1764,DCA,0,5,30,N223DZ,ontime
1930,DL,1927,LGA,214,30-01-2004,1766,DCA,0,5,30,N221DL,ontime
2030,DL,2031,LGA,214,30-01-2004,1768,DCA,0,5,30,N225DL,ontime
1530,MQ,1523,JFK,213,30-01-2004,4752,DCA,0,5,30,N725MQ,ontime
1830,MQ,1843,JFK,213,30-01-2004,4784,DCA,0,5,30,N724MQ,ontime
700,MQ,703,LGA,214,30-01-2004,4952,DCA,0,5,30,N713MQ,ontime
800,MQ,827,LGA,214,30-01-2004,4954,DCA,1,5,30,N845MQ,delayed
900,MQ,850,LGA,214,30-01-2004,4956,DCA,0,5,30,N725MQ,ontime
1100,MQ,1056,LGA,214,30-01-2004,4960,DCA,0,5,30,N713MQ,ontime
1300,MQ,1251,LGA,214,30-01-2004,4964,DCA,0,5,30,N700MQ,ontime
1400,MQ,1358,LGA,214,30-01-2004,4966,DCA,0,5,30,N728MQ,ontime
1500,MQ,1458,LGA,214,30-01-2004,4968,DCA,0,5,30,N727MQ,ontime
1600,MQ,1703,LGA,214,30-01-2004,4970,DCA,0,5,30,N739MQ,delayed
1700,MQ,1656,LGA,214,30-01-2004,4972,DCA,0,5,30,N700MQ,ontime
850,UA,849,LGA,229,30-01-2004,846,IAD,0,5,30,N536UA,ontime
630,US,638,LGA,214,30-01-2004,1479,DCA,0,5,30,N760UW,ontime
700,US,656,LGA,214,30-01-2004,2160,DCA,0,5,30,N704UW,ontime
800,US,754,LGA,214,30-01-2004,2162,DCA,0,5,30,N708UW,ontime
900,US,858,LGA,214,30-01-2004,2164,DCA,0,5,30,N716UW,ontime
1000,US,957,LGA,214,30-01-2004,2166,DCA,0,5,30,N768UW,ontime
1100,US,1057,LGA,214,30-01-2004,2168,DCA,0,5,30,N704UW,ontime
1200,US,1155,LGA,214,30-01-2004,2170,DCA,0,5,30,N708UW,ontime
1300,US,1256,LGA,214,30-01-2004,2172,DCA,0,5,30,N716UW,ontime
1400,US,1356,LGA,214,30-01-2004,2174,DCA,0,5,30,N768UW,ontime
1500,US,1459,LGA,214,30-01-2004,2176,DCA,0,5,30,N704UW,ontime
1600,US,1556,LGA,214,30-01-2004,2178,DCA,0,5,30,N708UW,ontime
1700,US,1656,LGA,214,30-01-2004,2180,DCA,0,5,30,N716UW,delayed
1800,US,1758,LGA,214,30-01-2004,2182,DCA,0,5,30,N727UW,ontime
1900,US,1856,LGA,214,30-01-2004,2184,DCA,0,5,30,N704UW,ontime
2000,US,2004,LGA,214,30-01-2004,2186,DCA,0,5,30,N708UW,ontime
2100,US,2057,LGA,214,30-01-2004,2188,DCA,0,5,30,N716UW,ontime
1720,RU,1748,EWR,169,30-01-2004,3372,BWI,0,5,30,N12563,delayed
700,RU,700,EWR,169,30-01-2004,2703,BWI,0,5,30,N14573,ontime
1455,RU,1513,EWR,169,30-01-2004,2403,BWI,0,5,30,N14945,delayed
1030,RU,1037,EWR,169,30-01-2004,2303,BWI,0,5,30,N14942,ontime
1730,CO,1728,EWR,199,30-01-2004,814,DCA,0,5,30,N14341,ontime
1300,CO,1257,EWR,199,30-01-2004,808,DCA,0,5,30,N11612,ontime
1900,CO,1851,EWR,199,30-01-2004,816,DCA,0,5,30,N14652,ontime
735,CO,727,EWR,199,30-01-2004,806,DCA,0,5,30,N14605,ontime
840,DH,832,EWR,213,30-01-2004,7299,IAD,0,5,30,N673BR,ontime
1710,DH,1715,EWR,213,30-01-2004,7302,IAD,0,5,30,N684BR,ontime
1245,DH,1242,EWR,213,30-01-2004,7303,IAD,0,5,30,N684BR,delayed
2120,DH,2116,EWR,213,30-01-2004,7304,IAD,0,5,30,N682BR,ontime
630,DH,623,EWR,213,30-01-2004,7305,IAD,0,5,30,N311UE,ontime
1430,DH,1426,EWR,213,30-01-2004,7307,IAD,0,5,30,N332UE,ontime
1300,RU,1255,EWR,213,30-01-2004,2692,IAD,0,5,30,N16502,ontime
2100,RU,2056,EWR,199,30-01-2004,2879,DCA,0,5,30,N14943,ontime
1700,RU,1657,EWR,213,30-01-2004,2497,IAD,0,5,30,N21537,delayed
1900,RU,1856,EWR,213,30-01-2004,2385,IAD,0,5,30,N12567,delayed
645,RU,643,EWR,199,30-01-2004,2761,DCA,0,5,30,N13989,ontime
1359,RU,1359,EWR,199,30-01-2004,2216,DCA,0,5,30,N14952,delayed
1525,RU,1601,EWR,199,30-01-2004,2261,DCA,0,5,30,N13979,delayed
1630,RU,1630,EWR,199,30-01-2004,2181,DCA,0,5,30,N48901,ontime
900,RU,858,EWR,199,30-01-2004,2582,DCA,0,5,30,N18557,ontime
1500,RU,1456,EWR,213,30-01-2004,2156,IAD,0,5,30,N21144,delayed
700,RU,659,EWR,213,30-01-2004,2855,IAD,0,5,30,N11121,delayed
1455,OH,1505,JFK,184,31-01-2004,5935,BWI,0,6,31,N959CA,ontime
1640,DH,1633,JFK,213,31-01-2004,6155,DCA,0,6,31,N419FJ,ontime
1245,DH,1243,LGA,229,31-01-2004,7208,IAD,0,6,31,N627BR,ontime
1715,DH,1711,LGA,229,31-01-2004,7215,IAD,0,6,31,N663BR,ontime
2120,DH,2117,LGA,229,31-01-2004,7684,IAD,0,6,31,N673BR,ontime
840,DH,931,JFK,228,31-01-2004,7800,IAD,0,6,31,N655BR,delayed
1240,DH,1238,JFK,228,31-01-2004,7806,IAD,0,6,31,N679BR,ontime
1645,DH,1639,JFK,228,31-01-2004,7810,IAD,0,6,31,N316UE,ontime
1715,DH,1706,JFK,228,31-01-2004,7812,IAD,0,6,31,N314UE,ontime
2120,DH,2115,JFK,228,31-01-2004,7814,IAD,0,6,31,N656BR,ontime
1800,DH,1750,JFK,228,31-01-2004,7818,IAD,0,6,31,N320UE,ontime
1455,DL,1500,JFK,213,31-01-2004,746,DCA,0,6,31,N934DL,ontime
730,DL,727,LGA,214,31-01-2004,1742,DCA,0,6,31,N223DZ,ontime
830,DL,840,LGA,214,31-01-2004,1744,DCA,0,6,31,N232DZ,delayed
1030,DL,1030,LGA,214,31-01-2004,1748,DCA,0,6,31,N225DL,ontime
1230,DL,1231,LGA,214,31-01-2004,1752,DCA,0,6,31,N232DZ,ontime
1430,DL,1429,LGA,214,31-01-2004,1756,DCA,0,6,31,N225DL,ontime
1630,DL,1629,LGA,214,31-01-2004,1760,DCA,0,6,31,N232DZ,ontime
1830,DL,1829,LGA,214,31-01-2004,1764,DCA,0,6,31,N225DL,ontime
2030,DL,2026,LGA,214,31-01-2004,1768,DCA,0,6,31,N232DZ,ontime
1520,MQ,1514,JFK,213,31-01-2004,4752,DCA,0,6,31,N709MQ,ontime
600,MQ,613,JFK,213,31-01-2004,4760,DCA,0,6,31,N733MQ,ontime
1830,MQ,1819,JFK,213,31-01-2004,4784,DCA,0,6,31,N841MQ,ontime
900,MQ,904,LGA,214,31-01-2004,4956,DCA,0,6,31,N731MQ,ontime
1300,MQ,1254,LGA,214,31-01-2004,4964,DCA,0,6,31,N710MQ,ontime
850,UA,847,LGA,229,31-01-2004,846,IAD,0,6,31,N592UA,ontime
700,US,706,LGA,214,31-01-2004,2160,DCA,0,6,31,N725UW,ontime
900,US,857,LGA,214,31-01-2004,2164,DCA,0,6,31,N741UW,ontime
1100,US,1058,LGA,214,31-01-2004,2168,DCA,0,6,31,N725UW,ontime
1300,US,1256,LGA,214,31-01-2004,2172,DCA,0,6,31,N741UW,ontime
1500,US,1457,LGA,214,31-01-2004,2176,DCA,0,6,31,N725UW,ontime
1700,US,1655,LGA,214,31-01-2004,2180,DCA,0,6,31,N741UW,ontime
1900,US,1856,LGA,214,31-01-2004,2184,DCA,0,6,31,N725UW,ontime
1030,RU,1025,EWR,169,31-01-2004,2303,BWI,0,6,31,N12946,ontime
1455,RU,1449,EWR,169,31-01-2004,2229,BWI,0,6,31,N14558,ontime
1720,RU,1715,EWR,169,31-01-2004,3372,BWI,0,6,31,N15932,ontime
700,RU,704,EWR,169,31-01-2004,2703,BWI,0,6,31,N14542,ontime
1300,CO,1255,EWR,199,31-01-2004,808,DCA,0,6,31,N19621,ontime
840,DH,840,EWR,213,31-01-2004,7299,IAD,0,6,31,N698BR,ontime
1710,DH,1659,EWR,213,31-01-2004,7302,IAD,0,6,31,N624BR,ontime
1245,DH,1247,EWR,213,31-01-2004,7303,IAD,0,6,31,N624BR,ontime
2120,DH,2111,EWR,213,31-01-2004,7304,IAD,0,6,31,N702BR,ontime
1500,RU,1458,EWR,213,31-01-2004,2156,IAD,0,6,31,N11140,ontime
930,RU,925,EWR,199,31-01-2004,2582,DCA,0,6,31,N12567,ontime
700,RU,650,EWR,213,31-01-2004,2855,IAD,0,6,31,N14558,ontime
645,RU,644,EWR,199,31-01-2004,2761,DCA,0,6,31,N15555,ontime
1700,RU,1653,EWR,213,31-01-2004,2497,IAD,0,6,31,N16976,ontime
1600,RU,1558,EWR,199,31-01-2004,2361,DCA,0,6,31,N14902,ontime
1359,RU,1403,EWR,199,31-01-2004,2216,DCA,0,6,31,N16961,ontime
1730,RU,1736,EWR,199,31-01-2004,2097,DCA,0,6,31,N13994,ontime
